0.883333 0.973613
0.846667 0.918936
0.871111 0.958555
0.892222 0.967991
0.613333 0.638565
0.86 0.899122
0.881111 0.898407
0.878889 0.927703
0.877778 0.89742
0.9 0.945707
0.873333 0.893466
0.88 0.913757
0.905556 0.928781
0.85 0.914487
0.845556 0.85979
0.877778 0.933019
0.916667 0.929826
0.828889 0.995071
0.904444 0.960461
0.861111 0.932978
0.885556 0.929636
0.857778 0.93703
0.87 0.965393
0.898889 1.01238
0.836667 0.961004
0.916667 0.966399
0.897778 0.981515
0.905556 0.972583
0.878889 0.960835
0.856667 0.903644
0.894444 1.0018
0.863333 0.900317
0.92 1.04595
0.845556 0.880873
0.923333 1.02677
0.903333 0.993657
0.846667 0.885105
0.907778 0.990733
0.923333 0.99718
0.541111 0.566224
0.904444 1.00222
0.875556 0.910662
0.907778 0.995614
0.843333 0.883023
0.855556 0.943651
0.877778 0.909393
0.876667 0.986227
0.892222 0.939314
0.892222 0.933393
0.82 0.849416
0.854444 0.96394
0.857778 0.89455
0.87 0.997091
0.863333 0.901001
0.892222 0.997956
0.883333 0.918937
0.883333 0.925383
0.86 0.901438
0.917778 0.983211
0.904444 0.941845
0.885556 0.975004
0.881111 0.92927
0.891111 0.927902
0.876667 0.965354
0.894444 0.919591
0.898889 0.971107
0.877778 0.915612
0.91 0.939112
0.903333 0.9419
0.813333 0.848631
0.897778 1.0142
0.774444 0.813731
0.88 0.937813
0.792222 0.830825
0.883333 1.00355
0.878889 0.922838
0.888889 0.924858
0.907778 0.970774
0.89 0.990069
0.896667 0.952179
0.8425 1.33156
0.69 1.51283
0.8425 1.09721
0.9325 1.13974
0.83 1.33265
0.9125 1.07965
0.7275 1.93706
0.9225 1.17366
0.9225 1.03724
0.93 1.02069
0.9175 1.02856
0.815 1.33386
0.89 1.08206
0.8275 1.28787
0.8925 1.02763
0.8775 1.07643
0.9175 1.00347
0.9325 1.15232
0.9075 1.03974
0.9575 1.09612
0.8875 1.00232
0.9025 1.19023
0.945 1.08318
0.9625 0.9625
0.96 0.96
0.9425 0.9425
0.8825 0.8825
0.9275 0.9275
0.8975 0.8975
0.945 0.945
0.96 0.96
0.9475 0.9475
0.935 0.935
0.915 0.915
0.9525 0.9525
0.9275 0.9275
0.585 0.585
0.9375 0.9375
0.9175 0.9175
0.8525 0.8525
0.9425 0.9425
0.77 0.77
0.9325 0.9325
0.91 0.91
0.96 0.96
0.9175 0.9175
0.955 0.955
0.935 0.935
0.53 0.53
0.945 0.945
0.9475 0.9475
0.9475 0.9475
0.9475 0.9475
0.9425 0.9425
0.935 0.935
0.6975 0.6975
0.9575 0.9575
0.9525 0.9525
0.79 1.58438
0.9525 1.03703
0.6275 3.05827
0.955 1.03655
0.8675 1.01664
0.9525 0.996097
0.7025 1.4271
0.9175 0.967149
0.7175 2.72716
0.8825 0.989043
0.9075 0.9075
0.865 0.865
0.925 0.925
0.8725 0.8725
0.9025 0.9025
0.955 0.955
0.925 0.925
0.58 0.58
0.9175 0.9175
0.955 0.955
0.9175 0.9175
0.7325 0.7325
0.88 0.88
0.1975 0.5625
0.8925 0.8925
0.8925 0.8925
0.0925 0.5125
0.8475 0.8475
0.895 0.895
0.6 3.64822
0.9225 0.998666
0.88 1.83065
0.9175 1.8738
0.905 0.905
0.915 0.915
0.8625 0.8625
0.9325 0.9325
0.865 0.865
0.9425 0.9425
0.905 0.905
0.9175 0.9175
0.9 0.9
0.8975 0.8975
0.9325 0.9325
0.925 0.925
0.88 0.88
0.895 0.895
0.9275 0.9275
0.9 0.9
0.91 0.91
0.8825 0.8825
0.9175 0.9175
0.88 0.88
0.945 0.945
0.945 0.945
0.95 0.95
0.95 0.95
0.9475 0.9475
0.9425 0.9425
0.9325 0.9325
0.9325 0.9325
0.9525 0.9525
0.9525 0.9525
0.9 0.9
0.9625 0.9625
0.935 0.935
0.955 0.955
0.9025 0.9025
0.93 0.93
0.89 0.89
0.89 0.89
0.8925 0.8925
0.8975 0.8975
0.8875 0.8875
0.87 0.87
0.8925 0.8925
0.88 0.88
0.88 0.88
0.9025 0.9025
0.9175 0.9175
0.8825 0.8825
0.9125 0.9125
0.95 0.95
0.97 0.97
0.8725 0.8725
0.95 0.95
0.8825 0.8825
0.8825 0.8825
0.82 0.82
0.86 0.86
0.81 0.81
0.8125 0.8125
0.9125 0.9125
0.925 0.925
0.88 0.88
0.8975 0.8975
0.8825 0.8825
0.9175 0.9175
0.85 0.85
0.84 0.84
0.8125 0.8125
0.81 0.81
0.855 0.855
0.8325 0.8325
0.8475 0.8475
0.8775 0.8775
0.925 0.925
0.9025 0.9025
0.915 0.915
0.9075 0.9075
0.9025 0.9025
0.8475 0.8475
0.8825 0.8825
0.89 0.89
0.855 0.855
0.8575 0.8575
0.8875 0.8875
0.885 0.885
0.935 0.935
0.91 0.91
0.92 0.92
0.9425 0.9425
0.9325 0.9325
0.9475 0.9475
0.93 0.93
0.9175 0.9175
0.9 0.9
0.8725 0.8725
0.89 0.89
0.8775 0.8775
0.86 0.86
0.905 0.905
0.8825 0.8825
0.8925 0.8925
0.875 0.875
0.89 0.89
0.88 0.88
0.835 0.835
0.88 0.88
0.82 0.82
0.8275 0.8275
0.885 0.885
0.8825 0.8825
0.905 0.905
0.9075 0.9075
0.855 0.855
0.92 0.92
0.895 0.895
0.865 0.865
0.9 0.9
0.8675 0.8675
0.8475 0.8475
0.8675 0.8675
0.85 0.85
0.8725 0.8725
0.8825 0.8825
0.8425 0.8425
0.87 0.87
0.8725 0.8725
0.8625 0.8625
0.87 0.87
0.9225 0.9225
0.8525 0.8525
0.885 0.885
0.87 0.87
0.885 0.885
0.8475 0.8475
0.9 0.9
0.905 0.905
0.88 0.88
0.8775 0.8775
0.88 0.88
0.89 0.89
0.89 0.89
0.8525 0.8525
0.86 0.86
0.9025 0.9025
0.865 0.865
0.84 0.84
0.8725 0.8725
0.8525 0.8525
0.87 0.87
0.8275 0.8275
0.86 0.86
0.8975 0.8975
0.8675 0.8675
0.8925 0.8925
0.86 0.86
0.8575 0.8575
0.8475 0.8475
0.895 0.895
0.8675 0.8675
0.8675 0.8675
0.8925 0.8925
0.865 0.865
0.9125 0.9125
0.84 0.84
0.88 0.88
0.8725 0.8725
0.88 0.88
0.8775 0.8775
0.875 0.875
0.85 0.85
0.8275 0.8275
0.895 0.895
0.8575 0.8575
0.885 0.885
0.845 0.845
0.89 0.89
0.855 0.855
0.87 0.87
0.875 0.875
0.8875 0.8875
0.855 0.855
0.885 0.885
0.8325 0.8325
0.9375 0.9375
0.93 0.93
0.9225 0.9225
0.9175 0.9175
0.8725 0.8725
0.9375 0.9375
0.9275 0.9275
0.91 0.91
0.9275 0.9275
0.9275 0.9275
0.925 0.925
0.9225 0.9225
0.935 0.935
0.895 0.895
0.92 0.92
0.9075 0.9075
0.9225 0.9225
0.9425 0.9425
0.9375 0.9375
0.9125 0.9125
0.8875 0.8875
0.91 0.91
0.9075 0.9075
0.9125 0.9125
0.8925 0.8925
0.8925 0.8925
0.8825 0.8825
0.9025 0.9025
0.9 0.9
0.895 0.895
0.8825 0.8825
0.87 0.87
0.84 0.84
0.8725 0.8725
0.905 0.905
0.9075 0.9075
0.915 0.915
0.925 0.925
0.92 0.92
0.9225 0.9225
0.8775 0.8775
0.875 0.875
0.87 0.87
0.855 0.855
0.8775 0.8775
0.8625 0.8625
0.8625 0.8625
0.8625 0.8625
0.8725 0.8725
0.8625 0.8625
0.855 0.855
0.885 0.885
0.875 0.875
0.9025 0.9025
0.86 0.86
0.86 0.86
0.885 0.885
0.89 0.89
0.86 0.86
0.875 0.875
0.8725 0.8725
0.875 0.875
0.855 0.855
0.875 0.875
0.9025 0.9025
0.9425 0.9425
0.795 0.795
0.9475 0.9475
0.935 0.935
0.9425 0.9425
0.9625 0.9625
0.9625 0.9625
0.94 0.94
0.9425 0.9425
0.945 0.945
0.9375 0.9375
0.9375 0.9375
0.9025 0.9025
0.895 0.895
0.905 0.905
0.875 0.875
0.87 0.87
0.9075 0.9075
0.88 0.88
0.9225 0.9225
0.9225 0.9225
0.895 0.895
0.8925 0.8925
0.8825 0.8825
0.885 0.885
0.8775 0.8775
0.905 0.905
0.9025 0.9025
0.9 0.9
0.8975 0.8975
0.87 0.87
0.8975 0.8975
0.9225 0.9225
0.9 0.9
0.88 0.88
0.8825 0.8825
0.8625 0.8625
0.9075 0.9075
0.9075 0.9075
0.925 0.925
0.895 0.895
0.8975 0.8975
0.865 0.865
0.875 0.875
0.8825 0.8825
0.885 0.885
0.8975 0.8975
0.8775 0.8775
0.915 0.915
0.91 0.91
0.895 0.895
0.9075 0.9075
0.9025 0.9025
0.955 0.955
0.9325 0.9325
0.9475 0.9475
0.9475 0.9475
0.94 0.94
0.955 0.955
0.9375 0.9375
0.93 0.93
0.95 0.95
0.9575 0.9575
0.9025 0.9025
0.9175 0.9175
0.94 0.94
0.9375 0.9375
0.8725 0.8725
0.7825 0.7825
0.8575 0.8575
0.885 0.885
0.8675 0.8675
0.89 0.89
0.865 0.865
0.87 0.87
0.96 0.96
0.935 0.935
0.905 0.905
0.91 0.91
0.9325 0.9325
0.8925 0.8925
0.89 0.89
0.8425 0.8425
0.8175 0.8175
0.8725 0.8725
0.9025 0.9025
0.8675 0.8675
0.925 0.925
0.8575 0.8575
0.835 0.835
0.8475 0.8475
0.9125 0.9125
0.87 0.87
0.8975 0.8975
0.8925 0.8925
0.8875 0.8875
0.855 0.855
0.8025 0.8025
0.9075 0.9075
0.885 0.885
0.8825 0.8825
0.8475 0.8475
0.8525 0.8525
0.8275 0.8275
0.8575 0.8575
0.8175 0.8175
0.8825 0.8825
0.87 0.87
0.88 0.88
0.81 0.81
0.86 0.86
0.8625 0.8625
0.845 0.845
0.8775 0.8775
0.8275 0.8275
0.86 0.86
0.8575 0.8575
0.8375 0.8375
0.8375 0.8375
0.8825 0.8825
0.8725 0.8725
0.875 0.875
0.885 0.885
0.8625 0.8625
0.875 0.875
0.85 0.85
0.88 0.88
0.88 0.88
0.8825 0.8825
0.825 0.825
0.785 0.785
0.91 0.91
0.9125 0.9125
0.895 0.895
0.91 0.91
0.87 0.87
0.9025 0.9025
0.9 0.9
0.89 0.89
0.895 0.895
0.8875 0.8875
0.8925 0.8925
0.8375 0.8375
0.8075 0.8075
0.865 0.865
0.8475 0.8475
0.86 0.86
0.8575 0.8575
0.83 0.83
0.855 0.855
0.885 0.885
0.8875 0.8875
0.8575 0.8575
0.9 0.9
0.845 0.845
0.84 0.84
0.91 0.91
0.895 0.895
0.8425 0.8425
0.785 0.785
0.8075 0.8075
0.7975 0.7975
0.88 0.88
0.8525 0.8525
0.85 0.85
0.8275 0.8275
0.82 0.82
0.8175 0.8175
0.9 0.9
0.91 0.91
0.905 0.905
0.915 0.915
0.8825 0.8825
0.8975 0.8975
0.9 0.9
0.8875 0.8875
0.88 0.88
0.8975 0.8975
0.8725 0.8725
0.79 0.79
0.785 0.785
0.8275 0.8275
0.7675 0.7675
0.7475 0.7475
0.775 0.775
0.78 0.78
0.78 0.78
0.805 0.805
0.94 0.94
0.925 0.925
0.8975 0.8975
0.89 0.89
0.885 0.885
0.8925 0.8925
0.9125 0.9125
0.9 0.9
0.8925 0.8925
0.8925 0.8925
0.885 0.885
0.885 0.885
0.8375 0.8375
0.7825 0.7825
0.8475 0.8475
0.825 0.825
0.8425 0.8425
0.79 0.79
0.8475 0.8475
0.845 0.845
0.85 0.85
0.825 0.825
0.8775 0.8775
0.84 0.84
0.88 0.88
0.8925 0.8925
0.8725 0.8725
0.8675 0.8675
0.885 0.885
0.8775 0.8775
0.8575 0.8575
0.88 0.88
0.895 0.895
0.8775 0.8775
0.86 0.86
0.8825 0.8825
0.8975 0.8975
0.855 0.855
0.875 0.875
0.9225 0.9225
0.85 0.85
0.715 2.11993
0.725 2.19564
0.6825 3.26235
0.725 1.73091
0.8275 1.1395
0.7025 4.52625
0.9 0.9
0.8725 0.8725
0.9 0.9
0.89 0.89
0.9 0.9
0.91 0.91
0.9175 0.9175
0.885 0.885
0.8775 0.8775
0.8925 0.8925
0.9225 0.9225
0.925 0.925
0.8975 0.8975
0.9075 0.9075
0.8825 0.8825
0.94 0.94
0.9475 0.9475
0.9025 0.9025
0.93 0.93
0.92 0.92
0.89 0.89
0.8525 0.8525
0.85 0.85
0.8775 0.8775
0.8775 0.8775
0.835 0.835
0.89 0.89
0.8925 0.8925
0.8675 0.8675
0.8825 0.8825
0.9225 0.9225
0.925 0.925
0.93 0.93
0.9225 0.9225
0.9175 0.9175
0.9325 0.9325
0.91 0.91
0.9 0.9
0.8975 0.8975
0.915 0.915
0.8775 0.8775
0.8775 0.8775
0.8825 0.8825
0.9175 0.9175
0.875 0.875
0.8875 0.8875
0.875 0.875
0.8575 0.8575
0.895 0.895
0.87 0.87
0.895 0.895
0.8825 0.8825
0.8475 0.8475
0.8725 0.8725
0.8625 0.8625
0.84 0.84
0.89 0.89
0.865 0.865
0.8525 0.8525
0.85 0.85
0.8575 0.8575
0.92 0.92
0.8775 0.8775
0.91 0.91
0.88 0.88
0.9025 0.9025
0.855 0.855
0.8575 0.8575
0.86 0.86
0.88 0.88
0.87 0.87
0.7775 0.7775
0.6875 0.6875
0.7125 0.7125
0.685 0.685
0.89 0.89
0.8925 0.8925
0.8975 0.8975
0.8925 0.8925
0.865 0.865
0.82 0.82
0.855 0.855
0.8325 0.8325
0.8525 0.8525
0.7525 0.7525
0.7425 0.7425
0.775 0.775
0.75 0.75
0.7625 0.7625
0.8975 0.8975
0.89 0.89
0.9425 0.9425
0.97 0.97
0.75 0.75
0.8775 0.8775
0.845 0.845
0.7725 1.2965
0.8825 0.897884
0.845 0.845
0.8275 0.8275
0.8325 0.8325
0.85 0.85
0.82 0.82
0.795 0.795
0.845 0.845
0.835 0.835
0.855 0.855
0.795 0.795
0.895 0.895
0.8525 0.8525
0.9075 0.9075
0.8475 0.8475
0.8775 0.8775
0.8575 0.8575
0.8825 0.8825
0.8475 0.8475
0.87 0.87
0.8725 0.8725
0.835 0.835
0.8825 0.8825
0.8375 0.8375
0.86 0.86
0.86 0.86
0.84 0.84
0.8675 0.8675
0.8775 0.8775
0.8425 0.8425
0.86 0.86
0.855 0.855
0.83 0.83
0.845 0.845
0.895 0.895
0.8875 0.8875
0.9125 0.9125
0.8575 0.8575
0.9025 0.9025
0.87 0.87
0.89 0.89
0.905 0.905
0.895 0.895
0.905 0.905
0.81 0.81
0.815 0.815
0.8275 0.8275
0.8225 0.8225
0.8175 0.8175
0.8325 0.8325
0.8275 0.8275
0.85 0.85
0.8025 0.8025
0.8575 0.8575
0.885 0.885
0.8875 0.8875
0.8425 0.8425
0.87 0.87
0.8375 0.8375
0.86 0.86
0.8825 0.8825
0.88 0.88
0.875 0.875
0.885 0.885
0.84 0.84
0.8725 0.8725
0.8925 0.8925
0.8625 0.8625
0.88 0.88
0.845 0.845
0.8825 0.8825
0.835 0.835
0.88 0.88
0.835 0.835
0.915 0.915
0.8825 0.8825
0.825 0.825
0.88 0.88
0.8275 0.8275
0.83 0.83
0.815 0.815
0.8775 0.8775
0.855 0.855
0.7925 0.7925
0.8475 0.8475
0.8725 0.8725
0.845 0.845
0.8525 0.8525
0.84 0.84
0.8525 0.8525
0.865 0.865
0.88 0.88
0.8125 0.8125
0.8675 0.8675
0.9425 0.9425
0.91 0.91
0.93 0.93
0.935 0.935
0.915 0.915
0.9275 0.9275
0.9075 0.9075
0.885 0.885
0.9125 0.9125
0.9375 0.9375
0.9275 0.9275
0.9275 0.9275
0.945 0.945
0.91 0.91
0.9275 0.9275
0.91 0.91
0.9425 0.9425
0.93 0.93
0.905 0.905
0.9175 0.9175
0.855 0.855
0.8725 0.8725
0.855 0.855
0.8475 0.8475
0.86 0.86
0.8725 0.8725
0.8725 0.8725
0.895 0.895
0.8575 0.8575
0.87 0.87
0.81 0.81
0.86 0.86
0.865 0.865
0.8875 0.8875
0.855 0.855
0.8825 0.8825
0.8525 0.8525
0.8875 0.8875
0.8575 0.8575
0.835 0.835
0.8425 0.8425
0.905 0.905
0.865 0.865
0.86 0.86
0.805 0.805
0.805 0.805
0.86 0.86
0.855 0.855
0.8225 0.8225
0.84 0.84
0.8725 0.8725
0.8825 0.8825
0.865 0.865
0.8575 0.8575
0.865 0.865
0.8625 0.8625
0.8475 0.8475
0.8725 0.8725
0.8975 0.8975
0.855 0.855
0.855 0.855
0.8575 0.8575
0.8725 0.8725
0.9025 0.9025
0.865 0.865
0.86 0.86
0.8675 0.8675
0.885 0.885
0.8525 0.8525
0.8725 0.8725
0.88 0.88
0.8825 0.8825
0.89 0.89
0.8625 0.8625
0.85 0.85
0.885 0.885
0.8525 0.8525
0.85 0.85
0.885 0.885
0.8575 0.8575
0.895 0.895
0.8725 0.8725
0.8775 0.8775
0.87 0.87
0.8425 0.8425
0.895 0.895
0.855 0.855
0.835 0.835
0.855 0.855
0.8475 0.8475
0.875 0.875
0.84 0.84
0.82 0.82
0.87 0.87
0.86 0.86
0.85 0.85
0.88 0.88
0.8875 0.8875
0.85 0.85
0.85 0.85
0.8375 0.8375
0.85 0.85
0.8425 0.8425
0.88 0.88
0.8675 0.8675
0.8825 0.8825
0.85 0.85
0.8375 0.8375
0.8675 0.8675
0.89 0.89
0.83 0.83
0.8875 0.8875
0.8675 0.8675
0.9075 0.9075
0.8825 0.8825
0.85 0.85
0.875 0.875
0.875 0.875
0.845 0.845
0.8725 0.8725
0.8375 0.8375
0.8525 0.8525
0.865 0.865
0.8925 0.8925
0.87 0.87
0.835 0.835
0.85 0.85
0.8425 0.8425
0.875 0.875
0.88 0.88
0.81 0.81
0.8525 0.8525
0.8 0.8
0.88 0.88
0.8575 0.8575
0.8525 0.8525
0.8325 0.8325
0.87 0.87
0.91 0.91
0.85 0.85
0.8775 0.8775
0.8325 0.8325
0.89 0.89
0.875 0.875
0.875 0.875
0.8475 0.8475
0.8 0.8
0.8575 0.8575
0.84 0.84
0.795 0.795
0.8575 0.8575
0.855 0.855
0.88 0.88
0.9025 0.9025
0.825 0.825
0.86 0.86
0.88 0.88
0.8775 0.8775
0.87 0.87
0.8675 0.8675
0.86 0.86
0.8275 0.8275
0.8525 0.8525
0.88 0.88
0.8525 0.8525
0.855 0.855
0.8525 0.8525
0.8725 0.8725
0.8325 0.8325
0.84 0.84
0.8875 0.8875
0.85 0.85
0.89 0.89
0.8775 0.8775
0.8375 0.8375
0.835 0.835
0.86 0.86
0.8525 0.8525
0.84 0.84
0.8675 0.8675
0.85 0.85
0.8225 0.8225
0.8275 0.8275
0.8825 0.8825
0.8375 0.8375
0.845 0.845
0.835 0.835
0.8275 0.8275
0.8925 0.8925
0.8425 0.8425
0.8425 0.8425
0.8575 0.8575
0.88 0.88
0.88 0.88
0.87 0.87
0.8225 0.8225
0.87 0.87
0.855 0.855
0.85 0.85
0.84 0.84
0.83 0.83
0.84 0.84
0.8275 0.8275
0.8775 0.8775
0.8775 0.8775
0.8425 0.8425
0.8175 0.8175
0.8825 0.8825
0.9 0.9
0.8775 0.8775
0.8425 0.8425
0.855 0.855
0.84 0.84
0.8825 0.8825
0.835 0.835
0.87 0.87
0.875 0.875
0.85 0.85
0.86 0.86
0.9025 0.9025
0.9225 0.9225
0.94 0.94
0.8625 0.8625
0.9125 0.9125
0.9175 0.9175
0.905 0.905
0.89 0.89
0.9 0.9
0.93 0.93
0.9325 0.9325
0.925 0.925
0.93 0.93
0.8975 0.8975
0.9025 0.9025
0.88 0.88
0.8925 0.8925
0.94 0.94
0.9225 0.9225
0.9125 0.9125
0.9025 0.9025
0.9175 0.9175
0.9225 0.9225
0.925 0.925
0.925 0.925
0.935 0.935
0.8875 0.8875
0.8775 0.8775
0.8975 0.8975
0.9175 0.9175
0.8925 0.8925
0.935 0.935
0.9175 0.9175
0.8925 0.8925
0.9 0.9
0.8975 0.8975
0.94 0.94
0.8975 0.8975
0.905 0.905
0.9225 0.9225
0.9275 0.9275
0.9325 0.9325
0.91 0.91
0.925 0.925
0.925 0.925
0.925 0.925
0.9075 0.9075
0.89 0.89
0.94 0.94
0.87 0.87
0.935 0.935
0.915 0.915
0.91 0.91
0.9125 0.9125
0.9075 0.9075
0.9225 0.9225
0.9125 0.9125
0.9025 0.9025
0.9275 0.9275
0.9125 0.9125
0.91 0.91
0.895 0.895
0.935 0.935
0.905 0.905
0.91 0.91
0.9125 0.9125
0.9275 0.9275
0.9325 0.9325
0.8925 0.8925
0.9125 0.9125
0.92 0.92
0.9475 0.9475
0.92 0.92
0.9075 0.9075
0.9275 0.9275
0.9425 0.9425
0.9225 0.9225
0.905 0.905
0.91 0.91
0.91 0.91
0.9325 0.9325
0.86 0.86
0.92 0.92
0.89 0.89
0.9225 0.9225
0.8925 0.8925
0.9175 0.9175
0.925 0.925
0.9075 0.9075
0.935 0.935
0.9125 0.9125
0.9275 0.9275
0.9025 0.9025
0.8975 0.8975
0.9175 0.9175
0.9325 0.9325
0.9075 0.9075
0.925 0.925
0.9075 0.9075
0.9225 0.9225
0.9025 0.9025
0.83 0.83
0.895 0.895
0.845 0.845
0.8775 0.8775
0.8475 0.8475
0.87 0.87
0.86 0.86
0.8625 0.8625
0.88 0.88
0.8625 0.8625
0.88 0.88
0.9075 0.9075
0.9175 0.9175
0.915 0.915
0.91 0.91
0.8975 0.8975
0.855 0.855
0.9075 0.9075
0.9 0.9
0.93 0.93
0.895 0.895
0.925 0.925
0.8625 0.8625
0.8375 0.8375
0.865 0.865
0.885 0.885
0.8775 0.8775
0.8675 0.8675
0.9225 0.9225
0.9225 0.9225
0.9025 0.9025
0.91 0.91
0.89 0.89
0.9025 0.9025
0.8925 0.8925
0.885 0.885
0.915 0.915
0.89 0.89
0.8825 0.8825
0.8575 0.8575
0.91 0.91
0.935 0.935
0.9275 0.9275
0.925 0.925
0.9275 0.9275
0.9025 0.9025
0.8725 0.8725
0.9075 0.9075
0.9 0.9
0.89 0.89
0.8875 0.8875
0.94 0.94
0.8825 0.8825
0.9075 0.9075
0.93 0.93
0.885 0.885
0.8975 0.8975
0.9125 0.9125
0.9125 0.9125
0.93 0.93
0.93 0.93
0.915 0.915
0.87 0.881742
0.9175 0.93311
0.9525 0.965409
0.93 0.937191
0.9075 0.911855
0.8475 0.8475
0.825 0.825
0.77 0.77
0.85 0.85
0.81 0.81
0.81 0.81
0.83 0.83
0.8075 0.8075
0.8125 0.8125
0.7825 0.7825
0.83 0.83
0.6825 0.6825
0.73 0.73
0.7675 0.7675
0.7475 0.7475
0.7875 0.7875
0.72 0.72
0.7325 0.7325
0.73 0.73
0.74 0.74
0.7875 0.7875
0.8 0.8
0.83 0.83
0.7775 0.7775
0.7825 0.7825
0.8075 0.8075
0.7525 0.7525
0.76 0.76
0.79 0.79
0.7675 0.7675
0.7525 0.7525
0.795 0.795
0.8025 0.8025
0.8175 0.8175
0.8 0.8
0.8125 0.8125
0.83 0.83
0.8 0.8
0.8125 0.8125
0.8125 0.8125
0.8 0.8
0.815 0.815
0.8125 0.8125
0.8 0.8
0.81 0.81
0.8025 0.8025
0.8025 0.8025
0.7625 0.7625
0.78 0.78
0.77 0.77
0.825 0.825
0.765 0.765
0.8325 0.8325
0.7675 0.7675
0.825 0.825
0.815 0.815
0.785 0.785
0.8075 0.8075
0.81 0.81
0.8075 0.8075
0.7975 0.7975
0.7675 0.7675
0.7875 0.7875
0.75 0.75
0.75 0.75
0.765 0.765
0.7325 0.7325
0.7475 0.7475
0.765 0.765
0.7675 0.7675
0.83 0.83
0.7675 0.7675
0.785 0.785
0.775 0.775
0.7875 0.7875
0.7625 0.7625
0.7825 0.7825
0.71 0.71
0.7925 0.7925
0.8275 0.8275
0.765 0.765
0.7475 0.7475
0.7575 0.7575
0.715 0.715
0.7625 0.7625
0.7625 0.7625
0.755 0.755
0.7425 0.7425
0.755 0.755
0.7275 0.7275
0.8625 0.8625
0.825 0.825
0.7925 0.7925
0.865 0.865
0.8175 0.8175
0.8075 0.8075
0.82 0.82
0.8775 0.8775
0.8425 0.8425
0.7925 0.7925
0.875 0.875
0.905 0.905
0.885 0.885
0.8925 0.8925
0.9 0.9
0.9025 0.9025
0.8625 0.8625
0.8525 0.8525
0.895 0.895
0.8875 0.8875
0.875 0.875
0.8325 0.8325
0.855 0.855
0.855 0.855
0.835 0.835
0.8475 0.8475
0.8 0.8
0.85 0.85
0.825 0.825
0.8725 0.8725
0.8275 0.8275
0.8325 0.8325
0.795 0.795
0.805 0.805
0.7925 0.7925
0.82 0.82
0.835 0.835
0.8175 0.8175
0.82 0.82
0.8475 0.8475
0.7825 0.7825
0.7325 0.7325
0.795 0.795
0.735 0.735
0.7625 0.7625
0.7775 0.7775
0.75 0.75
0.7475 0.7475
0.7625 0.7625
0.7525 0.7525
0.74 0.74
0.7325 0.7325
0.785 0.785
0.775 0.775
0.7425 0.7425
0.7825 0.7825
0.775 0.775
0.77 0.77
0.705 0.705
0.7725 0.7725
0.8 0.8
0.78 0.78
0.74 0.74
0.7475 0.7475
0.78 0.78
0.7675 0.7675
0.77 0.77
0.755 0.755
0.7625 0.7625
0.795 0.795
0.79 0.79
0.7175 0.7175
0.75 0.75
0.7925 0.7925
0.82 0.82
0.775 0.775
0.78 0.78
0.7975 0.7975
0.745 0.745
0.805 0.805
0.76 0.76
0.7225 0.7225
0.86 0.86
0.86 0.86
0.8775 0.8775
0.8325 0.8325
0.8675 0.8675
0.8825 0.8825
0.855 0.855
0.8425 0.8425
0.88 0.88
0.8675 0.8675
0.83 0.83
0.815 0.815
0.7675 0.7675
0.7775 0.7775
0.8125 0.8125
0.7875 0.7875
0.8225 0.8225
0.8175 0.8175
0.7975 0.7975
0.8075 0.8075
0.905 0.905
0.85 0.85
0.855 0.855
0.8075 0.8075
0.8625 0.8625
0.8225 0.8225
0.8325 0.8325
0.865 0.865
0.86 0.86
0.86 0.86
0.835 0.835
0.825 0.825
0.8175 0.8175
0.8125 0.8125
0.79 0.79
0.7775 0.7775
0.835 0.835
0.79 0.79
0.8325 0.8325
0.8125 0.8125
0.7925 0.7925
0.7875 0.7875
0.815 0.815
0.8275 0.8275
0.785 0.785
0.815 0.815
0.7975 0.7975
0.8175 0.8175
0.8025 0.8025
0.8425 0.8425
0.79 0.79
0.785 0.785
0.7675 0.7675
0.7875 0.7875
0.7975 0.7975
0.805 0.805
0.775 0.775
0.8675 0.8675
0.745 0.745
0.7775 0.7775
0.765 0.765
0.7825 0.7825
0.775 0.775
0.785 0.785
0.815 0.815
0.7475 0.7475
0.8075 0.8075
0.8225 0.8225
0.825 0.825
0.845 0.845
0.79 0.79
0.8325 0.8325
0.865 0.865
0.83 0.83
0.785 0.785
0.8 0.8
0.84 0.84
0.7725 0.7725
0.82 0.82
0.8175 0.8175
0.805 0.805
0.8325 0.8325
0.8075 0.8075
0.8325 0.8325
0.8 0.8
0.825 0.825
0.7775 0.7775
0.8075 0.8075
0.7825 0.7825
0.7725 0.7725
0.82 0.82
0.8 0.8
0.815 0.815
0.7925 0.7925
0.775 0.775
0.7875 0.7875
0.7775 0.7775
0.775 0.775
0.7975 0.7975
0.7775 0.7775
0.8 0.8
0.81 0.81
0.8225 0.8225
0.8175 0.8175
0.84 0.84
0.79 0.79
0.8175 0.8175
0.8225 0.8225
0.82 0.82
0.8125 0.8125
0.795 0.795
0.8325 0.8325
0.8075 0.8075
0.7975 0.7975
0.7925 0.7925
0.7775 0.7775
0.795 0.795
0.7775 0.7775
0.81 0.81
0.81 0.81
0.8375 0.8375
0.8275 0.8275
0.7975 0.7975
0.81 0.81
0.8025 0.8025
0.8025 0.8025
0.745 0.745
0.8075 0.8075
0.7925 0.7925
0.7825 0.7825
0.78 0.78
0.8075 0.8075
0.785 0.785
0.7725 0.7725
0.7375 0.7375
0.7975 0.7975
0.7225 0.7225
0.775 0.775
0.7825 0.7825
0.8225 0.8225
0.8125 0.8125
0.7975 0.7975
0.805 0.805
0.775 0.775
0.8 0.8
0.7875 0.7875
0.795 0.795
0.785 0.785
0.7575 0.7575
0.765 0.765
0.8275 0.8275
0.8375 0.8375
0.8175 0.8175
0.8375 0.8375
0.835 0.835
0.8425 0.8425
0.8125 0.8125
0.7975 0.7975
0.8225 0.8225
0.8475 0.8475
0.7825 0.7825
0.77 0.77
0.8075 0.8075
0.8025 0.8025
0.7775 0.7775
0.8125 0.8125
0.8 0.8
0.7725 0.7725
0.8225 0.8225
0.83 0.83
0.8625 0.8625
0.82 0.82
0.81 0.81
0.825 0.825
0.85 0.85
0.8 0.8
0.82 0.82
0.795 0.795
0.84 0.84
0.8375 0.8375
0.81 0.81
0.81 0.81
0.7675 0.7675
0.785 0.785
0.7925 0.7925
0.775 0.775
0.7725 0.7725
0.77 0.77
0.78 0.78
0.7575 0.7575
0.8 0.8
0.79 0.79
0.7325 0.7325
0.7475 0.7475
0.8 0.8
0.7675 0.7675
0.815 0.815
0.785 0.785
0.7825 0.7825
0.7725 0.7725
0.7575 0.7575
0.805 0.805
0.785 0.785
0.7875 0.7875
0.79 0.79
0.745 0.745
0.7875 0.7875
0.7925 0.7925
0.81 0.81
0.79 0.79
0.83 0.83
0.8025 0.8025
0.8275 0.8275
0.75 0.75
0.7725 0.7725
0.77 0.77
0.7975 0.7975
0.7525 0.7525
0.785 0.785
0.825 0.825
0.8075 0.8075
0.7525 0.7525
0.76 0.76
0.77 0.77
0.7825 0.7825
0.7575 0.7575
0.8075 0.8075
0.7725 0.7725
0.7675 0.7675
0.7725 0.7725
0.7675 0.7675
0.7825 0.7825
0.7925 0.7925
0.7975 0.7975
0.81 0.81
0.76 0.76
0.8175 0.8175
0.785 0.785
0.81 0.81
0.8075 0.8075
0.82 0.82
0.8025 0.8025
0.79 0.79
0.795 0.795
0.785 0.785
0.75 0.75
0.785 0.785
0.8225 0.8225
0.75 0.75
0.7825 0.7825
0.7975 0.7975
0.8175 0.8175
0.79 0.79
0.765 0.765
0.775 0.775
0.82 0.82
0.8 0.8
0.7575 0.7575
0.8 0.8
0.7675 0.7675
0.815 0.815
0.7375 0.7375
0.725 0.725
0.7725 0.7725
0.77 0.77
0.815 0.815
0.7625 0.7625
0.76 0.76
0.75 0.75
0.7725 0.7725
0.795 0.795
0.7925 0.7925
0.79 0.79
0.73 0.73
0.79 0.79
0.79 0.79
0.7725 0.7725
0.78 0.78
0.785 0.785
0.785 0.785
0.7125 0.7125
0.7125 0.7125
0.715 0.715
0.6975 0.6975
0.6775 0.6775
0.7175 0.7175
0.73 0.73
0.67 0.67
0.7225 0.7225
0.7075 0.7075
0.67 0.67
0.7075 0.7075
0.67 0.67
0.7075 0.7075
0.6575 0.6575
0.665 0.665
0.7125 0.7125
0.6775 0.6775
0.6625 0.6625
0.69 0.69
0.72 0.72
0.7475 0.7475
0.7225 0.7225
0.7325 0.7325
0.6875 0.6875
0.7025 0.7025
0.7 0.7
0.715 0.715
0.71 0.71
0.7075 0.7075
0.7575 0.7575
0.7 0.7
0.73 0.73
0.6925 0.6925
0.68 0.68
0.7025 0.7025
0.67 0.67
0.6925 0.6925
0.6875 0.6875
0.64 0.64
0.67 0.67
0.7025 0.7025
0.7075 0.7075
0.7375 0.7375
0.6675 0.6675
0.7075 0.7075
0.775 0.775
0.715 0.715
0.7125 0.7125
0.7025 0.7025
0.695 0.695
0.6925 0.6925
0.695 0.695
0.7025 0.7025
0.6675 0.6675
0.685 0.685
0.6775 0.6775
0.685 0.685
0.75 0.75
0.6575 0.6575
0.635 0.635
0.675 0.675
0.675 0.675
0.695 0.695
0.72 0.72
0.7075 0.7075
0.7275 0.7275
0.7375 0.7375
0.6725 0.6725
0.6225 0.6225
0.685 0.685
0.69 0.69
0.695 0.695
0.6725 0.6725
0.675 0.675
0.7025 0.7025
0.6825 0.6825
0.68 0.68
0.68 0.68
0.6875 0.6875
0.7325 0.7325
0.745 0.745
0.7225 0.7225
0.715 0.715
0.7 0.7
0.7125 0.7125
0.68 0.68
0.7275 0.7275
0.7175 0.7175
0.7225 0.7225
0.715 0.715
0.695 0.695
0.6875 0.6875
0.705 0.705
0.6875 0.6875
0.68 0.68
0.7325 0.7325
0.7075 0.7075
0.685 0.685
0.72 0.72
0.7575 0.7575
0.7725 0.7725
0.755 0.755
0.755 0.755
0.7575 0.7575
0.71 0.71
0.76 0.76
0.7625 0.7625
0.76 0.76
0.7775 0.7775
0.76 0.76
0.775 0.775
0.765 0.765
0.7375 0.7375
0.7325 0.7325
0.755 0.755
0.7525 0.7525
0.785 0.785
0.755 0.755
0.7375 0.7375
0.8075 0.8075
0.76 0.76
0.7725 0.7725
0.7425 0.7425
0.72 0.72
0.6925 0.6925
0.7575 0.7575
0.8025 0.8025
0.7725 0.7725
0.755 0.755
0.7325 0.7325
0.7475 0.7475
0.7525 0.7525
0.77 0.77
0.7725 0.7725
0.7525 0.7525
0.735 0.735
0.75 0.75
0.745 0.745
0.7725 0.7725
0.7525 0.7525
0.78 0.78
0.7325 0.7325
0.7275 0.7275
0.7375 0.7375
0.7275 0.7275
0.72 0.72
0.745 0.745
0.765 0.765
0.7375 0.7375
0.7575 0.7575
0.74 0.74
0.7975 0.7975
0.725 0.725
0.795 0.795
0.7525 0.7525
0.78 0.78
0.7725 0.7725
0.7325 0.7325
0.735 0.735
0.8 0.8
0.7825 0.7825
0.76 0.76
0.77 0.77
0.7575 0.7575
0.7525 0.7525
0.795 0.795
0.7325 0.7325
0.745 0.745
0.755 0.755
0.7525 0.7525
0.765 0.765
0.75 0.75
0.78 0.78
0.7775 0.7775
0.785 0.785
0.735 0.735
0.705 0.705
0.7675 0.7675
0.7525 0.7525
0.7575 0.7575
0.7475 0.7475
0.7275 0.7275
0.8075 0.8075
0.7425 0.7425
0.7325 0.7325
0.725 0.725
0.7575 0.7575
0.7525 0.7525
0.7725 0.7725
0.7625 0.7625
0.72 0.72
0.7425 0.7425
0.7625 0.7625
0.73 0.73
0.76 0.76
0.745 0.745
0.74 0.74
0.7525 0.7525
0.7475 0.7475
0.785 0.785
0.7975 0.7975
0.8 0.8
0.785 0.785
0.7675 0.7675
0.81 0.81
0.8025 0.8025
0.8075 0.8075
0.805 0.805
0.7925 0.7925
0.885 0.885
0.87 0.87
0.8675 0.8675
0.9025 0.9025
0.87 0.87
0.9275 0.9275
0.8825 0.8825
0.89 0.89
0.8925 0.8925
0.89 0.89
0.8625 0.8625
0.815 0.815
0.88 0.88
0.8625 0.8625
0.81 0.81
0.88 0.88
0.8375 0.8375
0.805 0.805
0.8375 0.8375
0.86 0.86
0.8875 0.8875
0.89 0.89
0.8475 0.8475
0.8775 0.8775
0.8625 0.8625
0.875 0.875
0.865 0.865
0.875 0.875
0.8525 0.8525
0.88 0.88
0.8725 0.8725
0.885 0.885
0.885 0.885
0.8525 0.8525
0.8825 0.8825
0.8575 0.8575
0.8875 0.8875
0.86 0.86
0.875 0.875
0.895 0.895
0.945 0.945
0.9375 0.9375
0.9275 0.9275
0.955 0.955
0.9275 0.9275
0.91 0.91
0.93 0.93
0.905 0.905
0.93 0.93
0.9575 0.9575
0.85 0.85
0.9025 0.9025
0.8475 0.8475
0.7925 0.7925
0.8175 0.8175
0.82 0.82
0.855 0.855
0.85 0.85
0.8225 0.8225
0.8475 0.8475
0.9175 0.9175
0.9125 0.9125
0.855 0.855
0.875 0.875
0.8775 0.8775
0.9125 0.9125
0.9075 0.9075
0.8825 0.8825
0.9025 0.9025
0.8925 0.8925
0.885 0.885
0.84 0.84
0.87 0.87
0.88 0.88
0.91 0.91
0.8825 0.8825
0.8625 0.8625
0.865 0.865
0.86 0.86
0.855 0.855
0.8975 0.8975
0.9 0.9
0.9025 0.9025
0.9 0.9
0.8925 0.8925
0.9075 0.9075
0.885 0.885
0.915 0.915
0.91 0.91
0.9075 0.9075
0.8625 0.8625
0.93 0.93
0.8875 0.8875
0.9 0.9
0.9 0.9
0.895 0.895
0.885 0.885
0.9125 0.9125
0.92 0.92
0.905 0.905
0.915 0.915
0.8725 0.8725
0.87 0.87
0.8725 0.8725
0.8375 0.8375
0.91 0.91
0.8575 0.8575
0.8375 0.8375
0.8725 0.8725
0.905 0.905
0.8725 0.8725
0.88 0.88
0.86 0.86
0.8825 0.8825
0.8575 0.8575
0.875 0.875
0.8625 0.8625
0.86 0.86
0.8525 0.8525
0.845 0.845
0.895 0.895
0.8325 0.8325
0.8525 0.8525
0.8875 0.8875
0.8625 0.8625
0.8275 0.8275
0.86 0.86
0.885 0.885
0.88 0.88
0.8575 0.8575
0.92 0.92
0.9425 0.9425
0.9425 0.9425
0.93 0.93
0.97 0.97
0.935 0.935
0.9975 0.9975
0.98 0.98
0.9975 0.9975
0.614575 0.614575
0.6825 0.6825
0.695 0.695
0.6875 0.6875
0.7375 0.7375
0.75 0.75
0.72 0.72
0.7525 0.7525
0.655 0.655
0.915 0.915
0.6091 0.6091
0.7505 0.7505
0.7353 0.7353
0.94 0.94
0.945 0.945
0.94 0.94
0.9325 0.9325
0.955 0.955
0.925 0.925
0.9575 0.9575
0.935 0.935
0.955 0.955
0.9375 0.9375
0.8825 0.8825
0.8575 0.8575
0.905 0.905
0.8975 0.8975
0.905 0.905
0.9025 0.9025
0.865 0.865
0.89 0.89
0.88 0.88
0.8725 0.8725
0.925 0.925
0.94 0.94
0.945 0.945
0.96 0.96
0.925 0.925
0.935 0.935
0.9425 0.9425
0.9425 0.9425
0.8975 0.8975
0.945 0.945
0.8725 0.8725
0.8825 0.8825
0.8825 0.8825
0.8775 0.8775
0.885 0.885
0.855 0.855
0.885 0.885
0.87 0.87
0.895 0.895
0.87 0.87
0.9175 0.9175
0.9125 0.9125
0.92 0.92
0.92 0.92
0.915 0.915
0.9075 0.9075
0.9075 0.9075
0.905 0.905
0.9175 0.9175
0.9125 0.9125
0.9225 0.9225
0.96 0.96
0.945 0.945
0.9475 0.9475
0.94 0.94
0.9625 0.9625
0.965 0.965
0.9375 0.9375
0.725 0.725
0.7525 0.7525
0.7358 0.7358
0.9575 0.9575
0.9516 0.9516
0.7308 0.7308
0.65215 0.65215
0.67545 0.67545
0.681975 0.681975
0.5741 0.5741
0.662325 0.662325
0.8597 0.8597
0.8585 0.8585
0.70715 0.70715
0.746775 0.746775
0.73485 0.73485
0.7915 0.7915
0.95 0.95
0.9575 0.9575
0.91125 0.91125
0.795 0.795
0.797925 0.797925
0.9609 0.9609
0.827 0.827
0.6263 0.6263
0.834725 0.834725
0.89645 0.89645
0.91 0.91
0.89 0.89
0.94395 0.94395
0.928675 0.928675
0.89 0.89
0.8816 0.8816
0.9469 0.9469
0.684481 0.684481
0.897556 0.897556
0.9376 0.9376
0.9471 0.9471
0.6264 0.6264
0.9248 0.9248
0.6756 0.6756
0.9375 0.9375
0.725 0.725
0.79 0.79
0.67 0.67
0.941 0.941
0.7549 0.7549
0.9445 0.9445
0.8387 0.8387
0.9499 0.9499
0.8932 0.8932
0.9458 0.9458
0.888 0.888
0.9308 0.9308
0.70745 0.70745
0.960925 0.960925
0.54705 0.54705
0.9575 0.9575
0.89 0.89
0.95 0.95
0.8875 0.8875
0.8225 0.8225
0.7875 0.7875
0.9175 0.9175
0.895 0.895
0.8875 0.8875
0.8975 0.8975
0.9 0.9
0.9025 0.9025
0.89 0.89
0.9 0.9
0.92 0.921332
0.91 0.91
0.905 0.906146
0.905 0.907413
0.875 0.877373
0.9 0.901928
0.9025 0.903839
0.905 0.906673
0.92 0.922046
0.885 0.886571
0.9175 0.919018
0.8875 0.889993
0.8675 0.8675
0.8875 0.8875
0.87 0.87
0.9075 0.9075
0.885 0.885
0.935 0.935
0.8825 0.8825
0.9025 0.9025
0.9225 0.9225
0.895 0.895
0.86 0.86
0.9425 0.9425
0.9425 0.9425
0.875 0.875
0.87 0.87
0.865 0.865
0.9125 0.9125
0.88 0.88
0.8775 0.8775
0.875 0.875
0.8975 0.8975
0.865 0.865
0.8875 0.8875
0.7975 0.7975
0.8125 0.8125
0.83 0.83
0.83 0.83
0.8325 0.8325
0.795 0.795
0.83 0.83
0.845 0.845
0.87 0.87
0.825 0.825
0.9275 0.9275
0.865 0.865
0.885 0.885
0.8325 0.8325
0.905 0.905
0.84 0.84
0.875 0.875
0.9075 0.9075
0.8925 0.8925
0.8575 0.8575
0.9625 0.9625
0.9475 0.9475
0.9525 0.9525
0.955 0.955
0.9475 0.9475
0.93 0.93
0.9325 0.9325
0.9575 0.9575
0.94 0.94
0.965 0.965
0.9075 0.9075
0.8425 0.8425
0.815 0.815
0.845 0.845
0.8375 0.8375
0.84 0.84
0.8675 0.8675
0.805 0.805
0.84 0.84
0.84 0.84
0.905 0.905
0.83 0.83
0.83 0.83
0.7925 0.7925
0.855 0.855
0.845 0.845
0.8125 0.8125
0.8525 0.8525
0.8775 0.8775
0.8575 0.8575
0.9275 0.9275
0.8625 0.8625
0.8275 0.8275
0.86 0.86
0.825 0.825
0.8675 0.8675
0.7975 0.7975
0.835 0.835
0.8475 0.8475
0.8525 0.8525
0.88 0.88
0.93 0.93
0.86 0.86
0.88 0.88
0.8875 0.8875
0.865 0.865
0.8525 0.8525
0.9025 0.9025
0.865 0.865
0.9175 0.9175
0.945 0.945
0.965 0.965
0.965 0.965
0.9575 0.9575
0.965 0.965
0.96 0.96
0.96 0.96
0.96 0.96
0.9525 0.9525
0.95 0.95
0.8825 0.8825
0.93 0.93
0.8625 0.8625
0.85 0.85
0.845 0.845
0.935 0.935
0.8925 0.8925
0.89 0.89
0.8775 0.8775
0.865 0.865
0.87 0.87
0.8725 0.8725
0.905 0.905
0.8725 0.8725
0.8925 0.8925
0.84 0.84
0.8525 0.8525
0.89 0.89
0.8875 0.8875
0.8575 0.8575
0.8225 0.8225
0.84 0.84
0.885 0.885
0.885 0.885
0.865 0.865
0.9 0.9
0.845 0.845
0.8675 0.8675
0.8725 0.8725
0.895 0.895
0.98 0.98
0.9525 0.9525
0.9875 0.9875
0.9575 0.9575
0.945 0.945
0.95 0.95
0.97 0.97
0.9675 0.9675
0.95 0.95
0.9525 0.9525
0.965 0.965
0.955 0.955
0.955 0.955
0.9625 0.9625
0.9575 0.9575
0.9725 0.9725
0.975 0.975
0.98 0.98
0.9675 0.9675
0.95 0.95
0.97 0.97
0.9775 0.9775
0.9675 0.9675
0.945 0.945
0.9525 0.9525
0.9575 0.9575
0.94 0.94
0.955 0.955
0.935 0.935
0.97 0.97
0.96 0.96
0.955 0.955
0.9525 0.9525
0.9725 0.9725
0.985 0.985
0.9725 0.9725
0.975 0.975
0.9825 0.9825
0.9675 0.9675
0.96 0.96
0.985 0.985
0.96 0.96
0.9625 0.9625
0.9625 0.9625
0.9675 0.9675
0.9375 0.9375
0.965 0.965
0.9425 0.9425
0.985 0.985
0.9725 0.9725
1 1
0.8775 0.8775
0.835 0.835
0.8225 0.8225
0.8575 0.8575
0.8575 0.8575
0.885 0.885
0.815 0.815
0.91 0.91
0.8825 0.8825
0.87 0.87
0.8325 0.8338
0.8875 0.889001
0.8675 0.869094
0.885 0.886358
0.875 0.876404
0.85 0.851435
0.865 0.86635
0.885 0.886146
0.8775 0.878846
0.8725 0.874136
0.87 0.880195
0.905 0.917414
0.8575 0.872164
0.86 0.873994
0.875 0.887995
0.8325 0.845878
0.855 0.869478
0.8875 0.90129
0.8525 0.86559
0.85 0.86381
0.8775 0.8775
0.9 0.9
0.8575 0.8575
0.885 0.885
0.8175 0.8175
0.855 0.855
0.875 0.875
0.8425 0.8425
0.885 0.885
0.85 0.85
0.6475 2.36555
0.7875 1.07614
0.6475 2.13275
0.6675 1.55605
0.6925 1.34545
0.6425 2.39196
0.6275 1.8417
0.635 2.01798
0.615 2.46011
0.62 2.84865
0.8775 0.8775
0.87 0.87
0.8775 0.8775
0.8725 0.8725
0.91 0.91
0.8225 0.8225
0.8525 0.8525
0.8675 0.8675
0.8625 0.8625
0.91 0.91
0.88 0.881178
0.885 0.886249
0.8975 0.898878
0.8825 0.883597
0.885 0.886208
0.885 0.886148
0.865 0.866283
0.85 0.8513
0.8025 0.80384
0.8575 0.858737
0.9025 0.903335
0.9075 0.90841
0.9 0.9
0.875 0.875
0.92 0.92
0.8525 0.8525
0.8625 0.863739
0.89 0.891443
0.8775 0.8775
0.915 0.915
0.8875 0.888864
0.91 0.911324
0.88 0.889797
0.8475 0.85943
0.8775 0.8775
0.84 0.84
0.8925 0.902638
0.8575 0.871347
0.815 1.70496
0.82 1.69189
0.7925 1.69176
0.795 1.70283
0.8025 1.70758
0.8175 1.71923
0.8125 1.72412
0.8325 1.71816
0.79 1.70238
0.795 1.71809
0.87 0.87
0.845 0.845
0.885 0.885
0.8475 0.8475
0.8075 0.8075
0.865 0.865
0.8475 0.8475
0.835 0.835
0.87 0.87
0.8325 0.8325
0.9025 0.9025
0.9075 0.9075
0.915 0.915
0.9075 0.9075
0.88 0.88
0.88 0.88
0.8775 0.8775
0.895 0.895
0.885 0.885
0.9125 0.9125
0.8975 0.887056
0.8725 0.89005
0.9 0.896923
0.8825 0.88129
0.875 0.895513
0.87 0.879712
0.885 0.891095
0.8975 0.894132
0.8725 0.893119
0.8625 0.884635
0.8825 0.874002
0.8625 0.873084
0.96 0.889979
0.95 0.89756
0.8575 0.84974
0.87 0.878693
0.8525 0.872656
0.8325 0.858236
0.84 0.829701
0.84 0.828235
0.895 0.858694
0.935 0.85071
0.8825 0.874002
0.855 0.880358
0.96 0.900624
0.9475 0.91149
0.9675 0.907763
0.9725 0.922317
0.797778 0.848719
0.828889 0.865853
0.918889 0.883078
0.912222 0.903004
0.841111 0.861934
0.782222 0.834681
0.793333 0.843702
0.808889 0.85462
0.775556 0.783587
0.782222 0.775364
0.882222 0.805539
0.893333 0.815973
0.8 0.848752
0.8 0.851704
0.902222 0.893338
0.901111 0.894428
0.933333 0.897592
0.94 0.913192
0.822222 0.876096
0.921111 0.910024
0.824444 0.862993
0.845556 0.88245
0.843333 0.855506
0.931111 0.846424
0.818889 0.873935
0.914444 0.904968
0.96 0.924177
0.965 0.965
0.9625 0.919708
0.965 0.918834
0.9675 0.9675
0.9675 0.933439
0.975 0.933429
0.97 0.925012
0.96 0.928336
0.965 0.914624
0.9725 0.9725
0.9825 0.9825
0.965 0.965
0.97 0.97
0.9825 0.9825
0.9 0.9
0.905 0.905
0.935 0.935
0.9525 0.9525
0.925 0.925
0.9675 0.9675
0.8775 0.8775
0.905 0.905
0.89 0.89
0.8875 0.8875
0.9075 0.9075
0.92 0.92
0.9225 0.9225
0.8975 0.8975
0.905 0.905
0.885 0.885
0.9275 0.9275
0.91 0.91
0.9025 0.9025
0.87 0.87
0.8725 0.8725
0.885 0.885
0.905 0.905
0.835 0.835
0.945 0.945
0.95 0.95
0.8675 0.8675
0.95 0.95
0.8575 0.8575
0.9175 0.9175
0.91 0.91
0.905 0.905
0.875 0.875
0.9575 0.9575
0.89 0.89
0.855 0.855
0.92 0.92
0.8975 0.8975
0.9175 0.9175
0.9525 0.9525
0.9225 0.9225
0.9175 0.9175
0.913125 0.913125
0.8725 0.8725
0.8225 0.8225
0.8975 0.8975
0.7825 0.7825
0.855 0.855
0.8475 0.8475
0.9025 0.9025
0.8425 0.8425
0.8625 0.8625
0.8525 0.8525
0.88 0.88
0.8 0.8
0.92 0.92
0.8075 0.8075
0.8875 0.8875
0.885 0.885
0.915 0.915
0.8475 0.8475
0.89 0.89
0.88 0.88
0.88 0.88
0.805 0.805
0.8825 0.8825
0.8025 0.8025
0.8675 0.8675
0.87 0.87
0.8825 0.8825
0.845 0.845
0.8625 0.8625
0.8525 0.8525
0.87 0.87
0.8525 0.8525
0.8525 0.8525
0.8625 0.8625
0.8625 0.8625
0.8625 0.8625
0.8725 0.8725
0.855 0.855
0.8725 0.8725
0.8725 0.8725
0.8325 0.8325
0.8425 0.8425
0.86 0.86
0.8675 0.8675
0.8425 0.8425
0.8775 0.8775
0.8575 0.8575
0.86 0.86
0.865 0.865
0.8575 0.8575
0.855 0.855
0.8825 0.8825
0.845 0.845
0.87 0.87
0.88 0.88
0.8775 0.8775
0.85 0.85
0.8675 0.8675
0.8325 0.8325
0.8525 0.8525
0.875 0.875
0.87 0.87
0.875 0.875
0.855 0.855
0.8625 0.8625
0.845 0.845
0.8375 0.8375
0.87 0.87
0.8625 0.8625
0.8575 0.8575
0.8775 0.8775
0.865 0.865
0.87 0.87
0.86 0.86
0.8525 0.8525
0.855 0.855
0.8825 0.8825
0.8675 0.8675
0.86 0.86
0.8275 0.8275
0.805 0.805
0.8475 0.8475
0.79 0.79
0.8125 0.8125
0.83 0.83
0.835 0.835
0.8425 0.8425
0.805 0.805
0.765 0.765
0.8275 0.8275
0.805 0.805
0.8325 0.8325
0.85 0.85
0.8325 0.8325
0.8475 0.8475
0.8075 0.8075
0.8425 0.8425
0.8425 0.8425
0.83 0.83
0.835 0.835
0.84 0.84
0.85 0.85
0.84 0.84
0.84 0.84
0.855 0.855
0.8275 0.8275
0.855 0.855
0.82 0.82
0.785 0.785
0.82 0.82
0.8125 0.8125
0.8025 0.8025
0.85 0.85
0.8075 0.8075
0.7925 0.7925
0.79 0.79
0.8425 0.8425
0.835 0.835
0.8375 0.8375
0.83 0.83
0.81 0.81
0.805 0.805
0.8225 0.8225
0.8425 0.8425
0.8025 0.8025
0.8475 0.8475
0.8275 0.8275
0.815 0.815
0.8475 0.8475
0.8775 0.8775
0.88 0.88
0.8675 0.8675
0.8875 0.8875
0.8825 0.8825
0.89 0.89
0.9025 0.9025
0.8725 0.8725
0.885 0.885
0.8775 0.8775
0.9025 0.9025
0.895 0.895
0.8825 0.8825
0.885 0.885
0.8875 0.8875
0.885 0.885
0.8975 0.8975
0.88 0.88
0.885 0.885
0.895 0.895
0.885 0.885
0.895 0.895
0.8925 0.8925
0.8975 0.8975
0.88 0.88
0.885 0.885
0.8825 0.8825
0.8875 0.8875
0.8875 0.8875
0.8875 0.8875
0.9025 0.9025
0.8875 0.8875
0.91 0.91
0.8825 0.8825
0.8775 0.8775
0.895 0.895
0.895 0.895
0.9 0.9
0.8925 0.8925
0.87 0.87
0.885 0.885
0.885 0.885
0.8825 0.8825
0.8925 0.8925
0.8675 0.8675
0.885 0.885
0.905 0.905
0.8975 0.8975
0.885 0.885
0.885 0.885
0.8225 0.8225
0.81 0.81
0.8 0.8
0.7975 0.7975
0.8175 0.8175
0.81 0.81
0.7975 0.7975
0.825 0.825
0.825 0.825
0.82 0.82
0.8225 0.8225
0.8075 0.8075
0.82 0.82
0.8 0.8
0.815 0.815
0.815 0.815
0.805 0.805
0.8225 0.8225
0.8225 0.8225
0.8175 0.8175
0.795 0.795
0.83 0.83
0.8225 0.8225
0.82 0.82
0.825 0.825
0.8225 0.8225
0.8325 0.8325
0.815 0.815
0.815 0.815
0.8125 0.8125
0.7975 0.7975
0.835 0.835
0.8075 0.8075
0.8275 0.8275
0.815 0.815
0.835 0.835
0.82 0.82
0.83 0.83
0.825 0.825
0.8175 0.8175
0.8075 0.8075
0.8125 0.8125
0.8225 0.8225
0.815 0.815
0.825 0.825
0.81 0.81
0.8275 0.8275
0.8275 0.8275
0.8225 0.8225
0.8175 0.8175
0.89 0.89
0.865 0.865
0.865 0.865
0.875 0.875
0.89 0.89
0.8725 0.8725
0.8675 0.8675
0.8575 0.8575
0.85 0.85
0.855 0.855
0.8725 0.8725
0.8775 0.8775
0.8525 0.8525
0.875 0.875
0.8675 0.8675
0.8575 0.8575
0.8725 0.8725
0.875 0.875
0.8675 0.8675
0.865 0.865
0.875 0.875
0.86 0.86
0.8525 0.8525
0.8675 0.8675
0.8675 0.8675
0.8825 0.8825
0.88 0.88
0.8775 0.8775
0.875 0.875
0.88 0.88
0.855 0.855
0.8775 0.8775
0.8725 0.8725
0.855 0.855
0.88 0.88
0.89 0.89
0.85 0.85
0.865 0.865
0.8575 0.8575
0.87 0.87
0.8725 0.8725
0.87 0.87
0.885 0.885
0.8875 0.8875
0.865 0.865
0.8575 0.8575
0.845 0.845
0.86 0.86
0.8625 0.8625
0.8575 0.8575
0.81 0.81
0.83 0.83
0.84 0.84
0.82 0.82
0.7775 0.7775
0.845 0.845
0.82 0.82
0.79 0.79
0.8275 0.8275
0.785 0.785
0.81 0.81
0.8125 0.8125
0.825 0.825
0.8325 0.8325
0.8125 0.8125
0.825 0.825
0.8225 0.8225
0.855 0.855
0.8125 0.8125
0.8175 0.8175
0.82 0.82
0.775 0.775
0.81 0.81
0.8275 0.8275
0.83 0.83
0.8275 0.8275
0.8275 0.8275
0.8225 0.8225
0.84 0.84
0.8725 0.8725
0.8125 0.8125
0.82 0.82
0.82 0.82
0.865 0.865
0.825 0.825
0.805 0.805
0.8175 0.8175
0.8025 0.8025
0.835 0.835
0.835 0.835
0.8225 0.8225
0.8075 0.8075
0.79 0.79
0.805 0.805
0.8475 0.8475
0.765 0.765
0.7925 0.7925
0.815 0.815
0.7975 0.7975
0.8225 0.8225
0.875 0.875
0.885 0.885
0.8875 0.8875
0.88 0.88
0.89 0.89
0.89 0.89
0.8675 0.8675
0.9 0.9
0.865 0.865
0.8775 0.8775
0.885 0.885
0.88 0.88
0.885 0.885
0.885 0.885
0.8825 0.8825
0.89 0.89
0.87 0.87
0.8775 0.8775
0.8625 0.8625
0.88 0.88
0.8775 0.8775
0.8875 0.8875
0.89 0.89
0.855 0.855
0.8825 0.8825
0.8975 0.8975
0.87 0.87
0.8725 0.8725
0.8725 0.8725
0.9 0.9
0.895 0.895
0.8825 0.8825
0.8825 0.8825
0.8925 0.8925
0.875 0.875
0.895 0.895
0.8825 0.8825
0.8875 0.8875
0.8775 0.8775
0.88 0.88
0.8925 0.8925
0.885 0.885
0.8825 0.8825
0.88 0.88
0.895 0.895
0.88 0.88
0.885 0.885
0.8975 0.8975
0.8725 0.8725
0.8875 0.8875
0.795 0.795
0.82 0.82
0.7975 0.7975
0.79 0.79
0.805 0.805
0.815 0.815
0.8125 0.8125
0.8125 0.8125
0.8275 0.8275
0.8025 0.8025
0.8 0.8
0.8025 0.8025
0.805 0.805
0.8375 0.8375
0.8 0.8
0.7975 0.7975
0.8325 0.8325
0.81 0.81
0.8025 0.8025
0.825 0.825
0.8225 0.8225
0.78 0.78
0.805 0.805
0.8 0.8
0.8225 0.8225
0.795 0.795
0.8225 0.8225
0.8075 0.8075
0.8075 0.8075
0.7775 0.7775
0.8225 0.8225
0.8 0.8
0.7775 0.7775
0.825 0.825
0.795 0.795
0.8175 0.8175
0.8175 0.8175
0.8175 0.8175
0.8075 0.8075
0.8275 0.8275
0.805 0.805
0.8175 0.8175
0.8025 0.8025
0.8075 0.8075
0.81 0.81
0.785 0.785
0.84 0.84
0.8 0.8
0.815 0.815
0.7975 0.7975
0.9025 0.9025
0.895 0.895
0.9175 0.9175
0.9125 0.9125
0.9125 0.9125
0.895 0.895
0.91 0.91
0.9025 0.9025
0.9075 0.9075
0.91 0.91
0.91 0.91
0.895 0.895
0.9025 0.9025
0.9 0.9
0.895 0.895
0.8975 0.8975
0.8925 0.8925
0.9075 0.9075
0.9025 0.9025
0.91 0.91
0.9025 0.9025
0.9175 0.9175
0.8925 0.8925
0.8925 0.8925
0.9075 0.9075
0.91 0.91
0.875 0.875
0.9275 0.9275
0.9025 0.9025
0.8975 0.8975
0.895 0.895
0.92 0.92
0.9025 0.9025
0.91 0.91
0.9075 0.9075
0.895 0.895
0.875 0.875
0.8975 0.8975
0.895 0.895
0.895 0.895
0.9075 0.9075
0.9 0.9
0.9025 0.9025
0.9025 0.9025
0.9125 0.9125
0.9 0.9
0.8925 0.8925
0.91 0.91
0.9175 0.9175
0.895 0.895
0.8225 0.8225
0.825 0.825
0.8175 0.8175
0.8075 0.8075
0.8375 0.8375
0.8625 0.8625
0.835 0.835
0.8275 0.8275
0.87 0.87
0.83 0.83
0.8325 0.8325
0.8075 0.8075
0.85 0.85
0.8725 0.8725
0.86 0.86
0.8325 0.8325
0.82 0.82
0.815 0.815
0.825 0.825
0.835 0.835
0.85 0.85
0.8675 0.8675
0.8325 0.8325
0.85 0.85
0.8575 0.8575
0.8725 0.8725
0.835 0.835
0.81 0.81
0.7975 0.7975
0.885 0.885
0.855 0.855
0.835 0.835
0.815 0.815
0.8075 0.8075
0.8275 0.8275
0.82 0.82
0.835 0.835
0.82 0.82
0.82 0.82
0.8075 0.8075
0.8325 0.8325
0.845 0.845
0.8625 0.8625
0.865 0.865
0.825 0.825
0.85 0.85
0.83 0.83
0.8025 0.8025
0.8175 0.8175
0.8375 0.8375
0.8925 0.8925
0.8925 0.8925
0.89 0.89
0.9025 0.9025
0.8875 0.8875
0.8875 0.8875
0.8825 0.8825
0.885 0.885
0.9 0.9
0.9 0.9
0.89 0.89
0.885 0.885
0.895 0.895
0.885 0.885
0.89 0.89
0.8875 0.8875
0.8875 0.8875
0.88 0.88
0.9 0.9
0.8875 0.8875
0.8925 0.8925
0.895 0.895
0.8825 0.8825
0.89 0.89
0.8925 0.8925
0.895 0.895
0.8775 0.8775
0.8875 0.8875
0.8775 0.8775
0.895 0.895
0.89 0.89
0.905 0.905
0.9 0.9
0.8775 0.8775
0.905 0.905
0.895 0.895
0.885 0.885
0.885 0.885
0.8875 0.8875
0.885 0.885
0.905 0.905
0.89 0.89
0.8875 0.8875
0.8875 0.8875
0.895 0.895
0.8875 0.8875
0.885 0.885
0.89 0.89
0.885 0.885
0.905 0.905
0.86 0.86
0.8775 0.8775
0.89 0.89
0.855 0.855
0.8775 0.8775
0.8825 0.8825
0.8525 0.8525
0.865 0.865
0.88 0.88
0.875 0.875
0.8975 0.8975
0.89 0.89
0.8675 0.8675
0.8525 0.8525
0.87 0.87
0.8775 0.8775
0.87 0.87
0.87 0.87
0.8575 0.8575
0.865 0.865
0.8775 0.8775
0.8725 0.8725
0.8575 0.8575
0.9 0.9
0.875 0.875
0.8725 0.8725
0.8875 0.8875
0.88 0.88
0.895 0.895
0.8625 0.8625
0.85 0.85
0.8725 0.8725
0.87 0.87
0.8975 0.8975
0.8725 0.8725
0.885 0.885
0.855 0.855
0.885 0.885
0.905 0.905
0.865 0.865
0.85 0.85
0.8975 0.8975
0.8775 0.8775
0.875 0.875
0.865 0.865
0.865 0.865
0.8825 0.8825
0.86 0.86
0.885 0.885
0.8675 0.8675
0.91 0.91
0.8425 0.8425
0.925 0.925
0.8525 0.8525
0.8525 0.8525
0.865 0.865
0.89 0.89
0.8775 0.8775
0.881875 0.881875
0.901875 0.901875
0.863125 0.863125
0.89625 0.89625
0.855625 0.855625
0.804375 0.804375
0.8975 0.8975
0.798125 0.798125
0.8475 0.8475
0.82 0.82
0.88875 0.88875
0.80625 0.80625
0.840625 0.840625
0.91125 0.91125
0.841875 0.841875
0.840625 0.840625
0.839375 0.839375
0.908125 0.908125
0.823125 0.823125
0.909375 0.909375
0.840625 0.840625
0.8575 0.8575
0.820625 0.820625
0.886875 0.886875
0.8575 0.8575
0.846875 0.846875
0.84875 0.84875
0.844375 0.844375
0.8425 0.8425
0.855625 0.855625
0.84625 0.84625
0.85 0.85
0.856875 0.856875
0.848125 0.848125
0.844375 0.844375
0.856875 0.856875
0.854375 0.854375
0.851875 0.851875
0.855 0.855
0.846875 0.846875
0.855 0.855
0.86125 0.86125
0.851875 0.851875
0.844375 0.844375
0.851875 0.851875
0.86625 0.86625
0.853125 0.853125
0.855 0.855
0.854375 0.854375
0.85 0.85
0.84375 0.84375
0.8425 0.8425
0.858125 0.858125
0.835 0.835
0.85375 0.85375
0.848125 0.848125
0.835625 0.835625
0.856875 0.856875
0.86 0.86
0.84625 0.84625
0.855 0.855
0.846875 0.846875
0.85875 0.85875
0.860625 0.860625
0.85375 0.85375
0.8525 0.8525
0.859375 0.859375
0.861875 0.861875
0.8525 0.8525
0.85875 0.85875
0.8325 0.8325
0.841875 0.841875
0.84625 0.84625
0.854375 0.854375
0.86125 0.86125
0.845625 0.845625
0.806875 0.806875
0.844375 0.844375
0.855 0.855
0.8575 0.8575
0.831875 0.831875
0.858125 0.858125
0.8225 0.8225
0.8475 0.8475
0.839375 0.839375
0.849375 0.849375
0.835625 0.835625
0.798125 0.798125
0.844375 0.844375
0.845 0.845
0.85625 0.85625
0.830625 0.830625
0.83375 0.83375
0.853125 0.853125
0.841875 0.841875
0.831875 0.831875
0.845625 0.845625
0.875 0.875
0.821875 0.821875
0.859375 0.859375
0.836875 0.836875
0.84625 0.84625
0.845625 0.845625
0.829375 0.829375
0.853125 0.853125
0.845625 0.845625
0.85625 0.85625
0.849375 0.849375
0.84625 0.84625
0.831875 0.831875
0.830625 0.830625
0.823125 0.823125
0.85 0.85
0.831875 0.831875
0.850625 0.850625
0.85 0.85
0.848125 0.848125
0.855 0.855
0.86 0.86
0.84375 0.84375
0.825 0.825
0.81625 0.81625
0.845625 0.845625
0.775 0.775
0.91125 0.91125
0.898125 0.898125
0.9 0.9
0.906875 0.906875
0.908125 0.908125
0.901875 0.901875
0.895 0.895
0.9 0.9
0.905625 0.905625
0.90625 0.90625
0.893125 0.893125
0.898125 0.898125
0.895 0.895
0.904375 0.904375
0.90375 0.90375
0.90875 0.90875
0.881875 0.881875
0.90375 0.90375
0.90125 0.90125
0.91125 0.91125
0.9075 0.9075
0.90375 0.90375
0.8975 0.8975
0.903125 0.903125
0.905625 0.905625
0.903125 0.903125
0.9025 0.9025
0.911875 0.911875
0.90875 0.90875
0.9 0.9
0.895 0.895
0.901875 0.901875
0.893125 0.893125
0.908125 0.908125
0.905625 0.905625
0.905 0.905
0.904375 0.904375
0.9075 0.9075
0.901875 0.901875
0.901875 0.901875
0.90375 0.90375
0.89125 0.89125
0.910625 0.910625
0.9 0.9
0.8875 0.8875
0.896875 0.896875
0.904375 0.904375
0.905625 0.905625
0.8975 0.8975
0.89125 0.89125
0.82 0.82
0.824375 0.824375
0.85125 0.85125
0.8475 0.8475
0.84875 0.84875
0.82625 0.82625
0.844375 0.844375
0.85 0.85
0.81125 0.81125
0.834375 0.834375
0.831875 0.831875
0.840625 0.840625
0.8225 0.8225
0.818125 0.818125
0.834375 0.834375
0.854375 0.854375
0.8325 0.8325
0.84125 0.84125
0.7875 0.7875
0.83 0.83
0.829375 0.829375
0.85125 0.85125
0.81875 0.81875
0.84625 0.84625
0.83875 0.83875
0.811875 0.811875
0.8025 0.8025
0.8425 0.8425
0.83625 0.83625
0.83375 0.83375
0.85 0.85
0.840625 0.840625
0.83125 0.83125
0.814375 0.814375
0.8175 0.8175
0.8375 0.8375
0.82625 0.82625
0.83375 0.83375
0.83125 0.83125
0.83375 0.83375
0.835 0.835
0.816875 0.816875
0.82875 0.82875
0.79875 0.79875
0.82375 0.82375
0.848125 0.848125
0.835625 0.835625
0.81625 0.81625
0.8225 0.8225
0.83625 0.83625
0.851875 0.851875
0.848125 0.848125
0.8075 0.8075
0.8275 0.8275
0.83875 0.83875
0.834375 0.834375
0.85375 0.85375
0.841875 0.841875
0.815625 0.815625
0.845625 0.845625
0.799375 0.799375
0.846875 0.846875
0.82375 0.82375
0.849375 0.849375
0.83875 0.83875
0.831875 0.831875
0.856875 0.856875
0.82 0.82
0.82375 0.82375
0.845 0.845
0.85375 0.85375
0.848125 0.848125
0.828125 0.828125
0.82125 0.82125
0.840625 0.840625
0.840625 0.840625
0.84 0.84
0.825 0.825
0.860625 0.860625
0.8375 0.8375
0.8475 0.8475
0.861875 0.861875
0.8525 0.8525
0.84625 0.84625
0.83125 0.83125
0.859375 0.859375
0.840625 0.840625
0.855625 0.855625
0.81625 0.81625
0.849375 0.849375
0.851875 0.851875
0.843125 0.843125
0.856875 0.856875
0.88125 0.88125
0.86625 0.86625
0.866875 0.866875
0.853125 0.853125
0.846875 0.846875
0.818125 0.818125
0.82875 0.82875
0.835625 0.835625
0.854375 0.854375
0.828125 0.828125
0.8675 0.8675
0.816875 0.816875
0.876875 0.876875
0.85125 0.85125
0.820625 0.820625
0.83375 0.83375
0.8375 0.8375
0.834375 0.834375
0.845 0.845
0.841875 0.841875
0.79875 0.79875
0.859375 0.859375
0.845625 0.845625
0.833125 0.833125
0.826875 0.826875
0.83 0.83
0.81625 0.81625
0.82 0.82
0.8475 0.8475
0.83875 0.83875
0.849375 0.849375
0.848125 0.848125
0.834375 0.834375
0.86 0.86
0.855 0.855
0.8425 0.8425
0.86 0.86
0.835 0.835
0.846875 0.846875
0.841875 0.841875
0.8725 0.8725
0.815625 0.815625
0.82625 0.82625
0.83375 0.83375
0.846875 0.846875
0.83125 0.83125
0.8475 0.8475
0.845 0.845
0.836875 0.836875
0.8525 0.8525
0.819375 0.819375
0.8575 0.8575
0.839375 0.839375
0.825 0.825
0.84875 0.84875
0.8175 0.8175
0.850625 0.850625
0.900625 0.900625
0.885 0.885
0.894375 0.894375
0.905 0.905
0.898125 0.898125
0.899375 0.899375
0.884375 0.884375
0.89625 0.89625
0.8975 0.8975
0.8975 0.8975
0.89875 0.89875
0.895625 0.895625
0.89875 0.89875
0.88625 0.88625
0.891875 0.891875
0.889375 0.889375
0.896875 0.896875
0.901875 0.901875
0.90125 0.90125
0.900625 0.900625
0.8975 0.8975
0.89625 0.89625
0.8825 0.8825
0.896875 0.896875
0.9 0.9
0.90125 0.90125
0.901875 0.901875
0.879375 0.879375
0.9025 0.9025
0.89625 0.89625
0.896875 0.896875
0.895 0.895
0.876875 0.876875
0.895 0.895
0.901875 0.901875
0.89875 0.89875
0.88875 0.88875
0.899375 0.899375
0.899375 0.899375
0.895625 0.895625
0.880625 0.880625
0.884375 0.884375
0.900625 0.900625
0.899375 0.899375
0.899375 0.899375
0.8975 0.8975
0.900625 0.900625
0.895625 0.895625
0.8975 0.8975
0.895625 0.895625
0.80375 0.80375
0.7875 0.7875
0.804375 0.804375
0.7975 0.7975
0.793125 0.793125
0.7925 0.7925
0.803125 0.803125
0.801875 0.801875
0.791875 0.791875
0.784375 0.784375
0.803125 0.803125
0.810625 0.810625
0.814375 0.814375
0.81125 0.81125
0.80125 0.80125
0.796875 0.796875
0.803125 0.803125
0.77625 0.77625
0.811875 0.811875
0.80125 0.80125
0.799375 0.799375
0.79375 0.79375
0.79875 0.79875
0.783125 0.783125
0.78875 0.78875
0.799375 0.799375
0.8025 0.8025
0.80125 0.80125
0.785625 0.785625
0.81875 0.81875
0.79625 0.79625
0.803125 0.803125
0.809375 0.809375
0.801875 0.801875
0.8075 0.8075
0.80125 0.80125
0.805 0.805
0.794375 0.794375
0.785 0.785
0.8225 0.8225
0.809375 0.809375
0.81375 0.81375
0.800625 0.800625
0.79875 0.79875
0.82125 0.82125
0.821875 0.821875
0.80375 0.80375
0.805625 0.805625
0.795625 0.795625
0.7925 0.7925
0.8425 0.8425
0.845 0.845
0.8475 0.8475
0.82 0.82
0.8525 0.8525
0.865 0.865
0.81 0.81
0.8325 0.8325
0.825 0.825
0.8575 0.8575
0.825 0.825
0.8075 0.8075
0.855 0.855
0.7925 0.7925
0.8325 0.8325
0.85 0.85
0.8325 0.8325
0.8025 0.8025
0.805 0.805
0.805 0.805
0.8425 0.8425
0.8675 0.8675
0.835 0.835
0.8425 0.8425
0.815 0.815
0.8375 0.8375
0.86 0.86
0.83 0.83
0.8425 0.8425
0.82 0.82
0.8225 0.8225
0.8075 0.8075
0.845 0.845
0.7975 0.7975
0.8175 0.8175
0.8225 0.8225
0.8225 0.8225
0.83 0.83
0.8025 0.8025
0.8575 0.8575
0.7975 0.7975
0.8375 0.8375
0.8325 0.8325
0.8275 0.8275
0.825 0.825
0.8075 0.8075
0.8175 0.8175
0.8375 0.8375
0.83 0.83
0.8075 0.8075
0.915 0.915
0.9 0.9
0.92 0.92
0.9175 0.9175
0.9275 0.9275
0.9125 0.9125
0.93 0.93
0.9175 0.9175
0.935 0.935
0.9125 0.9125
0.91 0.91
0.905 0.905
0.9375 0.9375
0.91 0.91
0.915 0.915
0.9075 0.9075
0.92 0.92
0.9175 0.9175
0.915 0.915
0.9225 0.9225
0.905 0.905
0.91 0.91
0.9175 0.9175
0.9075 0.9075
0.93 0.93
0.9125 0.9125
0.92 0.92
0.92 0.92
0.92 0.92
0.9375 0.9375
0.9125 0.9125
0.915 0.915
0.9175 0.9175
0.9225 0.9225
0.93 0.93
0.915 0.915
0.91 0.91
0.915 0.915
0.915 0.915
0.845 0.845
0.82 0.82
0.8225 0.8225
0.79 0.79
0.805 0.805
0.84 0.84
0.8 0.8
0.815 0.815
0.8125 0.8125
0.88 0.88
0.825 0.825
0.845 0.845
0.8075 0.8075
0.8275 0.8275
0.8475 0.8475
0.83 0.83
0.85 0.85
0.82 0.82
0.83 0.83
0.8425 0.8425
0.8025 0.8025
0.8325 0.8325
0.83 0.83
0.825 0.825
0.83 0.83
0.8075 0.8075
0.81 0.81
0.81 0.81
0.8275 0.8275
0.7975 0.7975
0.8525 0.8525
0.825 0.825
0.8375 0.8375
0.82 0.82
0.825 0.825
0.8225 0.8225
0.8475 0.8475
0.825 0.825
0.8575 0.8575
0.8325 0.8325
0.825 0.825
0.855 0.855
0.835 0.835
0.785 0.785
0.8625 0.8625
0.835 0.835
0.8425 0.8425
0.8275 0.8275
0.855 0.855
0.85 0.85
0.9075 0.9075
0.8975 0.8975
0.9275 0.9275
0.9 0.9
0.885 0.885
0.9175 0.9175
0.9175 0.9175
0.8975 0.8975
0.93 0.93
0.91 0.91
0.83 0.83
0.925 0.925
0.905 0.905
0.9375 0.9375
0.915 0.915
0.9125 0.9125
0.9125 0.9125
0.91 0.91
0.905 0.905
0.905 0.905
0.9275 0.9275
0.9175 0.9175
0.91 0.91
0.9175 0.9175
0.9075 0.9075
0.905 0.905
0.835 0.835
0.94 0.94
0.9075 0.9075
0.9125 0.9125
0.9225 0.9225
0.9225 0.9225
0.9275 0.9275
0.9125 0.9125
0.9075 0.9075
0.9125 0.9125
0.91 0.91
0.9175 0.9175
0.94 0.94
0.9025 0.9025
0.9175 0.9175
0.9125 0.9125
0.8925 0.8925
0.8375 0.8375
0.92 0.92
0.9 0.9
0.9175 0.9175
0.915 0.915
0.93 0.93
0.9175 0.9175
0.9 0.9
0.9175 0.9175
0.92 0.92
0.835 0.835
0.8425 0.8425
0.78 0.78
0.83 0.83
0.8175 0.8175
0.79 0.79
0.825 0.825
0.8475 0.8475
0.8 0.8
0.8375 0.8375
0.7975 0.7975
0.8175 0.8175
0.835 0.835
0.8325 0.8325
0.8475 0.8475
0.7925 0.7925
0.8475 0.8475
0.8075 0.8075
0.83 0.83
0.8325 0.8325
0.8525 0.8525
0.82 0.82
0.83 0.83
0.8575 0.8575
0.8125 0.8125
0.865 0.865
0.8575 0.8575
0.83 0.83
0.82 0.82
0.805 0.805
0.8175 0.8175
0.8325 0.8325
0.805 0.805
0.8475 0.8475
0.87 0.87
0.8675 0.8675
0.8175 0.8175
0.8175 0.8175
0.8325 0.8325
0.8225 0.8225
0.805 0.805
0.8175 0.8175
0.83 0.83
0.8475 0.8475
0.83 0.83
0.8225 0.8225
0.8225 0.8225
0.845 0.845
0.8125 0.8125
0.8275 0.8275
0.8375 0.8375
0.855 0.855
0.8025 0.8025
0.8525 0.8525
0.8375 0.8375
0.87 0.87
0.8475 0.8475
0.8375 0.8375
0.835 0.835
0.79 0.79
0.8225 0.8225
0.81 0.81
0.86 0.86
0.8375 0.8375
0.8725 0.8725
0.8225 0.8225
0.8275 0.8275
0.815 0.815
0.8425 0.8425
0.86 0.86
0.86 0.86
0.8475 0.8475
0.85 0.85
0.8525 0.8525
0.8775 0.8775
0.8475 0.8475
0.8525 0.8525
0.845 0.845
0.8625 0.8625
0.8675 0.8675
0.8275 0.8275
0.85 0.85
0.8375 0.8375
0.8225 0.8225
0.8275 0.8275
0.81 0.81
0.8525 0.8525
0.87 0.87
0.83 0.83
0.865 0.865
0.8425 0.8425
0.8075 0.8075
0.8425 0.8425
0.8475 0.8475
0.8325 0.8325
0.835 0.835
0.8325 0.8325
0.8225 0.8225
0.8775 0.8775
0.885 0.885
0.8675 0.8675
0.8675 0.8675
0.8425 0.8425
0.83 0.83
0.845 0.845
0.855 0.855
0.85 0.85
0.8425 0.8425
0.85 0.85
0.87 0.87
0.845 0.845
0.815 0.815
0.8325 0.8325
0.82 0.82
0.7975 0.7975
0.86 0.86
0.855 0.855
0.8275 0.8275
0.8175 0.8175
0.8125 0.8125
0.84 0.84
0.8625 0.8625
0.8375 0.8375
0.855 0.855
0.8625 0.8625
0.8525 0.8525
0.835 0.835
0.8175 0.8175
0.8275 0.8275
0.8325 0.8325
0.825 0.825
0.8425 0.8425
0.87 0.87
0.8225 0.8225
0.85 0.85
0.8225 0.8225
0.84 0.84
0.815 0.815
0.8675 0.8675
0.82 0.82
0.8425 0.8425
0.805 0.805
0.8225 0.8225
0.7875 0.7875
0.805 0.805
0.8225 0.8225
0.8225 0.8225
0.8475 0.8475
0.86 0.86
0.83 0.83
0.83 0.83
0.82 0.82
0.77 0.77
0.85 0.85
0.825 0.825
0.8325 0.8325
0.835 0.835
0.8625 0.8625
0.8275 0.8275
0.8425 0.8425
0.8575 0.8575
0.8325 0.8325
0.875 0.875
0.855 0.855
0.845 0.845
0.8325 0.8325
0.8925 0.8925
0.89 0.89
0.9 0.9
0.8875 0.8875
0.885 0.885
0.875 0.875
0.8825 0.8825
0.9 0.9
0.905 0.905
0.89 0.89
0.84 0.84
0.8825 0.8825
0.8775 0.8775
0.895 0.895
0.895 0.895
0.8775 0.8775
0.89 0.89
0.8825 0.8825
0.9 0.9
0.9025 0.9025
0.8925 0.8925
0.8925 0.8925
0.89 0.89
0.895 0.895
0.88 0.88
0.875 0.875
0.8975 0.8975
0.8175 0.8175
0.8875 0.8875
0.895 0.895
0.89 0.89
0.8625 0.8625
0.8825 0.8825
0.875 0.875
0.8975 0.8975
0.88 0.88
0.8825 0.8825
0.885 0.885
0.8925 0.8925
0.89 0.89
0.8925 0.8925
0.905 0.905
0.885 0.885
0.8975 0.8975
0.8175 0.8175
0.8775 0.8775
0.8875 0.8875
0.885 0.885
0.895 0.895
0.875 0.875
0.8775 0.8775
0.8825 0.8825
0.865 0.865
0.885 0.885
0.895 0.895
0.8775 0.8775
0.77 0.77
0.8425 0.8425
0.81 0.81
0.86 0.86
0.84 0.84
0.8675 0.8675
0.8225 0.8225
0.855 0.855
0.8625 0.8625
0.86 0.86
0.8025 0.8025
0.85 0.85
0.8075 0.8075
0.855 0.855
0.7825 0.7825
0.8525 0.8525
0.8525 0.8525
0.8625 0.8625
0.845 0.845
0.855 0.855
0.815 0.815
0.8375 0.8375
0.8025 0.8025
0.8375 0.8375
0.7925 0.7925
0.875 0.875
0.81 0.81
0.885 0.885
0.7975 0.7975
0.86 0.86
0.83 0.83
0.835 0.835
0.8025 0.8025
0.83 0.83
0.7725 0.7725
0.8825 0.8825
0.8375 0.8375
0.8475 0.8475
0.815 0.815
0.85 0.85
0.85 0.85
0.8425 0.8425
0.8125 0.8125
0.85 0.85
0.8425 0.8425
0.89 0.89
0.795 0.795
0.84 0.84
0.815 0.815
0.87 0.87
0.84 0.84
0.8525 0.8525
0.8275 0.8275
0.8725 0.8725
0.81 0.81
0.85 0.85
0.8 0.8
0.8525 0.8525
0.8525 0.8525
0.88 0.88
0.79 0.79
0.86 0.86
0.84 0.84
0.8925 0.8925
0.8325 0.8325
0.87 0.87
0.8025 0.8025
0.8625 0.8625
0.7925 0.7925
0.8475 0.8475
0.7925 0.7925
0.8275 0.8275
0.93 0.93
0.8925 0.8925
0.94 0.94
0.9475 0.9475
0.88 0.88
0.9275 0.9275
0.925 0.925
0.855 0.855
0.9125 0.9125
0.9375 0.9375
0.935 0.935
0.93 0.93
0.925 0.925
0.925 0.925
0.9275 0.9275
0.9125 0.9125
0.915 0.915
0.9275 0.9275
0.935 0.935
0.9075 0.9075
0.94 0.94
0.9375 0.9375
0.94 0.94
0.9125 0.9125
0.925 0.925
0.9375 0.9375
0.9225 0.9225
0.915 0.915
0.94 0.94
0.9275 0.9275
0.925 0.925
0.9225 0.9225
0.9175 0.9175
0.935 0.935
0.9325 0.9325
0.93 0.93
0.9225 0.9225
0.93 0.93
0.9375 0.9375
0.93 0.93
0.945 0.945
0.93 0.93
0.92 0.92
0.935 0.935
0.9075 0.9075
0.91 0.91
0.94 0.94
0.915 0.915
0.9175 0.9175
0.9575 0.9575
0.9075 0.9075
0.915 0.915
0.9125 0.9125
0.9375 0.9375
0.9325 0.9325
0.9325 0.9325
0.9275 0.9275
0.935 0.935
0.93 0.93
0.8975 0.8975
0.935 0.935
0.945 0.945
0.955 0.955
0.9125 0.9125
0.9125 0.9125
0.9475 0.9475
0.9375 0.9375
0.925 0.925
0.945 0.945
0.94 0.94
0.95 0.95
0.9325 0.9325
0.9425 0.9425
0.93 0.93
0.945 0.945
0.9275 0.9275
0.9475 0.9475
0.9275 0.9275
0.94 0.94
0.94 0.94
0.935 0.935
0.9475 0.9475
0.9175 0.9175
0.9425 0.9425
0.94 0.94
0.95 0.95
0.9125 0.9125
0.9475 0.9475
0.9 0.9
0.955 0.955
0.9375 0.9375
0.9225 0.9225
0.915 0.915
0.9425 0.9425
0.9325 0.9325
0.92 0.92
0.905 0.905
0.8425 0.8425
0.95 0.95
0.845 0.845
0.93 0.93
0.82 0.82
0.855 0.855
0.9175 0.9175
0.8425 0.8425
0.94 0.94
0.805 0.805
0.935 0.935
0.7675 0.7675
0.8 0.8
0.92 0.92
0.845 0.845
0.86 0.86
0.8325 0.8325
0.835 0.835
0.8275 0.8275
0.8375 0.8375
0.83 0.83
0.8575 0.8575
0.8375 0.8375
0.84 0.84
0.8275 0.8275
0.89 0.89
0.81 0.81
0.8325 0.8325
0.8625 0.8625
0.8925 0.8925
0.825 0.825
0.85 0.85
0.83 0.83
0.875 0.875
0.7875 0.7875
0.85 0.85
0.8625 0.8625
0.8775 0.8775
0.845 0.845
0.8725 0.8725
0.8225 0.8225
0.8525 0.8525
0.84 0.84
0.8575 0.8575
0.8 0.8
0.82 0.82
0.795 0.795
0.8475 0.8475
0.8275 0.8275
0.87 0.87
0.8125 0.8125
0.835 0.835
0.87 0.87
0.87 0.87
0.85 0.85
0.835 0.835
0.83 0.83
0.8725 0.8725
0.79 0.79
0.85 0.85
0.795 0.795
0.8675 0.8675
0.845 0.845
0.86 0.86
0.84 0.84
0.8575 0.8575
0.8275 0.8275
0.8475 0.8475
0.8175 0.8175
0.8675 0.8675
0.83 0.83
0.86 0.86
0.8275 0.8275
0.83 0.83
0.815 0.815
0.8425 0.8425
0.7875 0.7875
0.8425 0.8425
0.7875 0.7875
0.81 0.81
0.8275 0.8275
0.8675 0.8675
0.85 0.85
0.86 0.86
0.8 0.8
0.8475 0.8475
0.8275 0.8275
0.815 0.815
0.8375 0.8375
0.8475 0.8475
0.845 0.845
0.8575 0.8575
0.8375 0.8375
0.875 0.875
0.815 0.815
0.835 0.835
0.8275 0.8275
0.8875 0.8875
0.9 0.9
0.825 0.825
0.84 0.84
0.855 0.855
0.89 0.89
0.88 0.88
0.86 0.86
0.8575 0.8575
0.885 0.885
0.8525 0.8525
0.84 0.84
0.8525 0.8525
0.8625 0.8625
0.8425 0.8425
0.8675 0.8675
0.8725 0.8725
0.8775 0.8775
0.8875 0.8875
0.8775 0.8775
0.8675 0.8675
0.865 0.865
0.8725 0.8725
0.8275 0.8275
0.8875 0.8875
0.8575 0.8575
0.8725 0.8725
0.8425 0.8425
0.8625 0.8625
0.8725 0.8725
0.8675 0.8675
0.8275 0.8275
0.895 0.895
0.8575 0.8575
0.8775 0.8775
0.8775 0.8775
0.8875 0.8875
0.895 0.895
0.865 0.865
0.8725 0.8725
0.8375 0.8375
0.8525 0.8525
0.8675 0.8675
0.85 0.85
0.8625 0.8625
0.83 0.83
0.8675 0.8675
0.8775 0.8775
0.83 0.83
0.8275 0.8275
0.85 0.85
0.8125 0.8125
0.8575 0.8575
0.8825 0.8825
0.875 0.875
0.875 0.875
0.8575 0.8575
0.805 0.805
0.8775 0.8775
0.8425 0.8425
0.865 0.865
0.8475 0.8475
0.8975 0.8975
0.855 0.855
0.85 0.85
0.8225 0.8225
0.8525 0.8525
0.87 0.87
0.88 0.88
0.8375 0.8375
0.875 0.875
0.875 0.875
0.8725 0.8725
0.8575 0.8575
0.865 0.865
0.8675 0.8675
0.8675 0.8675
0.87 0.87
0.8725 0.8725
0.8675 0.8675
0.8525 0.8525
0.8725 0.8725
0.87 0.87
0.885 0.885
0.8775 0.8775
0.84 0.84
0.8775 0.8775
0.8725 0.8725
0.8675 0.8675
0.85 0.85
0.86 0.86
0.8775 0.8775
0.87 0.87
0.865 0.865
0.875 0.875
0.8475 0.8475
0.8875 0.8875
0.855 0.855
0.8775 0.8775
0.8825 0.8825
0.8575 0.8575
0.83 0.83
0.8525 0.8525
0.8325 0.8325
0.8575 0.8575
0.7975 0.7975
0.8725 0.8725
0.7425 0.7425
0.87 0.87
0.8075 0.8075
0.85 0.85
0.795 0.795
0.85 0.85
0.815 0.815
0.865 0.865
0.855 0.855
0.8525 0.8525
0.8225 0.8225
0.8325 0.8325
0.7675 0.7675
0.8275 0.8275
0.83 0.83
0.8725 0.8725
0.7925 0.7925
0.8525 0.8525
0.8175 0.8175
0.8675 0.8675
0.805 0.805
0.835 0.835
0.835 0.835
0.865 0.865
0.7725 0.7725
0.8625 0.8625
0.815 0.815
0.86 0.86
0.84 0.84
0.8925 0.8925
0.7725 0.7725
0.8775 0.8775
0.8125 0.8125
0.8525 0.8525
0.8375 0.8375
0.875 0.875
0.8125 0.8125
0.84 0.84
0.8225 0.8225
0.88 0.88
0.7975 0.7975
0.87 0.87
0.85 0.85
0.855 0.855
0.7975 0.7975
0.86 0.86
0.82 0.82
0.8175 0.8175
0.8625 0.8625
0.7925 0.7925
0.88 0.88
0.8 0.8
0.8425 0.8425
0.8275 0.8275
0.845 0.845
0.8225 0.8225
0.88 0.88
0.885 0.885
0.7825 0.7825
0.88 0.88
0.87 0.87
0.7825 0.7825
0.88 0.88
0.815 0.815
0.83 0.83
0.7925 0.7925
0.8725 0.8725
0.8575 0.8575
0.8525 0.8525
0.8475 0.8475
0.81 0.81
0.7825 0.7825
0.85 0.85
0.7975 0.7975
0.8425 0.8425
0.84 0.84
0.8625 0.8625
0.78 0.78
0.8775 0.8775
0.8175 0.8175
0.845 0.845
0.8325 0.8325
0.8775 0.8775
0.815 0.815
0.8775 0.8775
0.825 0.825
0.79 0.79
0.8825 0.8825
0.7925 0.7925
0.8125 0.8125
0.8425 0.8425
0.8375 0.8375
0.8125 0.8125
0.865 0.865
0.9025 0.9025
0.87 0.87
0.91 0.91
0.8975 0.8975
0.8975 0.8975
0.8775 0.8775
0.895 0.895
0.86 0.86
0.855 0.855
0.9125 0.9125
0.8725 0.8725
0.92 0.92
0.8675 0.8675
0.895 0.895
0.875 0.875
0.9175 0.9175
0.885 0.885
0.9025 0.9025
0.8925 0.8925
0.87 0.87
0.8825 0.8825
0.8975 0.8975
0.885 0.885
0.9125 0.9125
0.9 0.9
0.91 0.91
0.9125 0.9125
0.885 0.885
0.905 0.905
0.8825 0.8825
0.8975 0.8975
0.8875 0.8875
0.8825 0.8825
0.9025 0.9025
0.885 0.885
0.8875 0.8875
0.89 0.89
0.8925 0.8925
0.9 0.9
0.8925 0.8925
0.9 0.9
0.8925 0.8925
0.895 0.895
0.8975 0.8975
0.895 0.895
0.8875 0.8875
0.895 0.895
0.8925 0.8925
0.9 0.9
0.895 0.895
0.895 0.895
0.88 0.88
0.9025 0.9025
0.905 0.905
0.8775 0.8775
0.895 0.895
0.9125 0.9125
0.895 0.895
0.8875 0.8875
0.9025 0.9025
0.8775 0.8775
0.8975 0.8975
0.8725 0.8725
0.89 0.89
0.8875 0.8875
0.8975 0.8975
0.8875 0.8875
0.9 0.9
0.8925 0.8925
0.8875 0.8875
0.9075 0.9075
0.8975 0.8975
0.9025 0.9025
0.9075 0.9075
0.92 0.92
0.89 0.89
0.8825 0.8825
0.8925 0.8925
0.9125 0.9125
0.8875 0.8875
0.8825 0.8825
0.9025 0.9025
0.8875 0.8875
0.905 0.905
0.8825 0.8825
0.8975 0.8975
0.8875 0.8875
0.8825 0.8825
0.91 0.91
0.8875 0.8875
0.885 0.885
0.8925 0.8925
0.89 0.89
0.895 0.895
0.88 0.88
0.8825 0.8825
0.8925 0.8925
0.9025 0.9025
0.8875 0.8875
0.885 0.885
0.8925 0.8925
0.89 0.89
0.8875 0.8875
0.9025 0.9025
0.8825 0.8825
0.8775 0.8775
0.895 0.895
0.8925 0.8925
0.8875 0.860634
0.86 0.900242
0.955 0.93008
0.875 0.905622
0.89 0.912143
0.8425 0.886515
0.905 0.900376
0.8725 0.874976
0.8875 0.808823
0.8725 0.819871
0.89 0.824189
0.8475 0.876338
0.875 0.861953
0.8125 0.931002
0.8725 0.8725
0.8 0.8
0.93 0.93
0.85 0.85
0.885 0.885
0.8675 0.8675
0.9025 0.9025
0.885 0.885
0.96 0.96
0.92 0.92
0.96 0.96
0.96 0.96
0.8975 0.8975
0.865 0.865
0.8875 0.8875
0.895 0.895
0.9575 0.9575
0.9325 0.9325
0.83 0.83
0.81 0.81
0.9375 0.9375
0.9475 0.9475
0.9225 0.9225
0.93 0.93
0.92 0.92
0.94 0.94
0.935 0.935
0.9075 0.9075
0.93 0.93
0.9225 0.9225
0.7975 0.7975
0.8325 0.8325
0.805 0.805
0.8175 0.8175
0.82 0.82
0.8275 0.8275
0.825 0.825
0.83 0.83
0.8475 0.8475
0.8225 0.8225
0.7375 0.7375
0.7625 0.7625
0.795 0.795
0.7775 0.7775
0.8025 0.8025
0.785 0.785
0.8075 0.8075
0.77 0.77
0.78 0.78
0.8275 0.8275
0.8175 0.8175
0.8075 0.8075
0.8075 0.8075
0.7925 0.7925
0.8325 0.8325
0.8225 0.8225
0.8075 0.8075
0.76 0.76
0.845 0.845
0.7825 0.7825
0.965 0.965
0.9475 0.9475
0.9425 0.9425
0.9325 0.9325
0.95 0.95
0.9375 0.9375
0.94 0.94
0.9575 0.9575
0.9525 0.9525
0.925 0.925
0.7325 0.7325
0.815 0.815
0.7575 0.7575
0.79 0.79
0.7525 0.7525
0.7875 0.7875
0.74 0.74
0.715 0.715
0.735 0.735
0.7975 0.7975
0.7925 0.7925
0.77 0.77
0.7675 0.7675
0.7575 0.7575
0.75 0.75
0.7575 0.7575
0.75 0.75
0.7575 0.7575
0.7425 0.7425
0.76 0.76
0.7575 0.7575
0.9025 0.9025
0.9125 0.9125
0.9225 0.9225
0.8825 0.8825
0.9275 0.9275
0.905 0.905
0.9025 0.9025
0.9225 0.9225
0.915 0.915
0.925 0.925
0.7875 0.7875
0.77 0.77
0.775 0.775
0.7375 0.7375
0.73 0.73
0.7125 0.7125
0.7 0.7
0.7325 0.7325
0.745 0.745
0.74 0.74
0.8 0.8
0.75 0.75
0.7625 0.7625
0.78 0.78
0.77 0.77
0.77 0.77
0.78 0.78
0.7625 0.7625
0.7975 0.7975
0.795 0.795
0.725 0.725
0.68 0.68
0.7275 0.7275
0.73 0.73
0.7425 0.7425
0.75 0.75
0.7325 0.7325
0.7275 0.7275
0.7175 0.7175
0.735 0.735
0.8075 0.8075
0.8075 0.8075
0.755 0.755
0.775 0.775
0.8225 0.8225
0.8125 0.8125
0.8025 0.8025
0.8475 0.8475
0.8025 0.8025
0.83 0.83
0.8125 0.8125
0.7975 0.7975
0.8325 0.8325
0.8425 0.8425
0.7775 0.7775
0.7975 0.7975
0.79 0.79
0.7975 0.7975
0.745 0.745
0.7675 0.7675
0.7675 0.7675
0.7475 0.7475
0.73 0.73
0.7125 0.7125
0.7 0.7
0.7375 0.7375
0.695 0.695
0.7275 0.7275
0.72 0.72
0.7225 0.7225
0.7575 0.7575
0.735 0.735
0.705 0.705
0.7825 0.7825
0.765 0.765
0.775 0.775
0.7625 0.7625
0.7725 0.7725
0.755 0.755
0.7875 0.7875
0.72 0.72
0.7825 0.7825
0.7475 0.7475
0.7125 0.7125
0.7375 0.7375
0.7375 0.7375
0.77 0.77
0.7625 0.7625
0.775 0.775
0.8 0.8
0.735 0.735
0.7475 0.7475
0.7425 0.7425
0.7475 0.7475
0.79 0.79
0.81 0.81
0.7075 0.7075
0.765 0.765
0.75 0.75
0.79 0.79
0.78 0.78
0.775 0.775
0.765 0.765
0.8 0.8
0.7575 0.7575
0.7625 0.7625
0.7525 0.7525
0.77 0.77
0.7825 0.7825
0.76 0.76
0.74 0.74
0.7625 0.7625
0.7675 0.7675
0.8225 0.8225
0.745 0.745
0.735 0.735
0.765 0.765
0.7275 0.7275
0.7425 0.7425
0.74 0.74
0.72 0.72
0.7525 0.7525
0.7125 0.7125
0.93 0.93
0.9225 0.9225
0.9225 0.9225
0.9175 0.9175
0.915 0.915
0.925 0.925
0.9125 0.9125
0.9275 0.9275
0.945 0.945
0.91 0.91
0.73 0.73
0.72 0.72
0.6975 0.6975
0.725 0.725
0.6925 0.6925
0.6625 0.6625
0.6925 0.6925
0.665 0.665
0.7125 0.7125
0.695 0.695
0.512 0.512
0.4848 0.4848
0.4992 0.4992
0.4896 0.4896
0.4896 0.4896
0.4832 0.4832
0.496 0.496
0.4992 0.4992
0.5184 0.5184
0.512 0.512
0.6032 0.6032
0.5488 0.5488
0.568 0.568
0.568 0.568
0.5216 0.5216
0.584 0.584
0.56 0.56
0.584 0.584
0.6 0.6
0.5328 0.5328
0.5072 0.5072
0.4736 0.4736
0.4912 0.4912
0.4976 0.4976
0.4832 0.4832
0.4768 0.4768
0.4848 0.4848
0.4928 0.4928
0.472 0.472
0.4752 0.4752
0.5728 0.5728
0.5568 0.5568
0.584 0.584
0.5664 0.5664
0.544 0.544
0.5824 0.5824
0.5824 0.5824
0.568 0.568
0.568 0.568
0.5456 0.5456
0.5056 0.5056
0.488 0.488
0.4896 0.4896
0.4816 0.4816
0.4912 0.4912
0.5008 0.5008
0.4944 0.4944
0.4944 0.4944
0.4896 0.4896
0.512 0.512
0.5008 0.5008
0.472 0.472
0.4928 0.4928
0.4848 0.4848
0.48 0.48
0.4912 0.4912
0.488 0.488
0.4768 0.4768
0.4848 0.4848
0.4864 0.4864
0.7072 0.7072
0.985 0.985
0.815 0.815
0.835 0.835
0.935 0.935
0.925 0.925
0.8425 0.8425
0.825 0.825
0.835 0.835
0.8225 0.8225
0.935 0.935
0.95 0.95
0.8525 0.8525
0.8275 0.8275
0.8825 0.8825
0.8325 0.8325
0.9275 0.9275
0.8125 0.8125
0.8575 0.8575
0.8325 0.8325
0.885 0.885
0.8425 0.8425
0.9175 0.9175
0.84 0.84
0.8775 0.8775
0.8425 0.8425
0.9025 0.9025
0.865 0.865
0.935 0.935
0.8325 0.8325
0.855 0.855
0.8475 0.8475
0.8925 0.8925
0.88 0.828275
0.8175 0.8669
0.93 0.894667
0.87 0.875969
0.8425 0.87089
0.84 0.872887
0.8875 0.87316
0.8275 0.909021
0.8725 0.824418
0.82 0.878729
0.9325 0.903833
0.825 0.878528
0.8675 0.898055
0.7925 0.864382
0.8975 0.889096
0.785 0.917678
0.915 0.915
0.9075 0.9075
0.9625 0.9625
0.8825 0.8825
0.925 0.925
0.9175 0.9175
0.95 0.95
0.8875 0.8875
0.85 0.85
0.87 0.87
0.89 0.89
0.8075 0.8075
0.97 0.97
0.9825 0.9825
0.8975 0.8975
0.9175 0.9175
0.9 0.9
0.93 0.93
0.955 0.955
0.9025 0.9025
0.9525 0.9525
0.99 0.99
0.9675 0.9675
0.9575 0.9575
0.9175 0.9175
0.6048 0.6048
0.696 0.696
0.9175 0.9175
0.8925 0.8925
0.975 0.975
0.985 0.985
0.9375 0.9375
0.93 0.93
0.8625 0.8625
0.895 0.895
0.9625 0.9625
0.945 0.945
0.8925 0.8925
0.8975 0.8975
0.868 0.868
0.8748 0.8748
0.71 0.71
0.8748 0.8748
0.8828 0.8828
0.8868 0.8868
0.72 0.72
0.8744 0.8744
0.8892 0.8892
0.99 0.99
0.9825 0.9825
0.98 0.91093
0.9825 0.9193
0.9825 0.914596
0.9825 0.9193
0.96 0.909138
0.95 0.890884
0.96 0.909138
0.9775 0.922034
0.99 0.924097
0.9825 0.9193
0.935 0.935
0.9675 0.915131
0.9825 0.9825
0.9375 0.9375
0.94 0.94
0.9375 0.9375
0.94 0.94
0.9475 0.9475
0.9275 0.9275
0.945 0.945
0.9375 0.9375
0.9425 0.9425
0.935 0.935
0.99 0.99
0.9775 0.9775
0.995 0.995
0.9875 0.9875
0.9825 0.9825
0.985 0.985
0.985 0.985
0.9975 0.9975
0.9825 0.9825
0.9925 0.9925
0.915 0.915
0.87 0.87
0.905 0.905
0.865 0.865
0.8875 0.8875
0.8925 0.8925
0.875 0.875
0.875 0.875
0.9075 0.9075
0.9325 0.9325
0.9625 0.9625
0.95 0.95
0.965 0.965
0.9675 0.9675
0.9525 0.9525
0.9775 0.9775
0.9675 0.9675
0.965 0.965
0.9625 0.9625
0.975 0.975
0.955 0.955
0.955 0.955
0.9525 0.9525
0.9475 0.9475
0.9525 0.9525
0.9575 0.9575
0.97 0.97
0.965 0.965
0.94 0.94
0.9475 0.9475
0.93 0.93
0.94 0.94
0.95 0.95
0.94 0.94
0.9375 0.9375
0.9425 0.9425
0.9325 0.9325
0.935 0.935
0.94 0.94
0.94 0.94
0.9825 0.9825
0.9825 0.9825
0.9825 0.9825
0.985 0.985
0.995 0.995
0.98 0.98
0.9875 0.9875
0.995 0.995
0.9875 0.9875
0.9925 0.9925
0.87 0.87
0.905 0.905
0.905 0.905
0.895 0.895
0.885 0.885
0.9225 0.9225
0.925 0.925
0.8875 0.8875
0.895 0.895
0.9175 0.9175
0.97 0.97
0.96 0.96
0.96 0.96
0.965 0.965
0.96 0.96
0.96 0.96
0.955 0.955
0.9625 0.9625
0.965 0.965
0.9675 0.9675
0.95 0.95
0.9525 0.9525
0.9425 0.9425
0.96 0.96
0.9575 0.9575
0.9475 0.9475
0.945 0.945
0.9475 0.9475
0.955 0.955
0.9525 0.9525
0.95 0.95
0.94 0.94
0.935 0.935
0.945 0.945
0.9275 0.9275
0.93 0.93
0.93 0.93
0.9325 0.9325
0.935 0.935
0.935 0.935
0.9825 0.9825
0.975 0.975
0.98 0.98
0.9875 0.9875
0.9925 0.9925
0.9775 0.9775
0.9875 0.9875
0.9925 0.9925
0.94 0.94
0.9375 0.9375
0.94 0.94
0.94 0.94
0.955 0.955
0.9375 0.9375
0.945 0.945
0.935 0.935
0.93 0.93
0.9175 0.9175
0.9825 0.9825
0.9875 0.9875
0.9775 0.9775
0.98 0.98
0.9925 0.9925
0.98 0.98
0.9975 0.9975
0.9925 0.9925
0.98 0.98
0.9925 0.9925
0.93 0.93
0.9325 0.9325
0.935 0.935
0.935 0.935
0.8875 0.8875
0.8875 0.8875
0.8975 0.8975
0.915 0.915
0.885 0.885
0.9025 0.9025
0.97 0.97
0.98 0.98
0.9375 0.9375
0.9725 0.9725
0.96 0.96
0.9725 0.9725
0.9675 0.9675
0.965 0.965
0.96 0.96
0.9525 0.9525
0.9275 0.9275
0.9275 0.9275
0.925 0.925
0.9325 0.9325
0.905 0.905
0.9425 0.9425
0.925 0.925
0.9525 0.9525
0.9425 0.9425
0.94 0.94
0.8825 0.8825
0.88 0.88
0.98 0.98
0.91 0.91
0.89 0.89
0.9725 0.9725
0.83 0.83
0.835 0.835
0.9475 0.9475
0.8225 0.8225
0.8425 0.8425
0.9125 0.9125
0.88 0.88
0.8575 0.8575
0.9475 0.9475
0.8425 0.8425
0.855 0.855
0.905 0.905
