----------------------
Name : sa
        runTime     bestFit     bestCov     bestDis
  0         259    0.572800    0.572800     5439.12
  1         254    0.556800    0.556800     4049.00
  2         254    0.584000    0.584000     6590.07
  3         258    0.566400    0.566400     4677.76
  4         260    0.544000    0.544000     4894.03
  5         246    0.582400    0.582400     3477.09
  6         261    0.582400    0.582400     5612.76
  7         248    0.568000    0.568000     5136.36
  8         252    0.568000    0.568000     4667.09
  9         255    0.545600    0.545600     3902.16
----------------------
Name : sa_1
        runTime     bestFit     bestCov     bestDis
  0         157    0.505600    0.505600    20762.96
  1         158    0.488000    0.488000    21352.62
  2         156    0.489600    0.489600    19782.86
  3         154    0.481600    0.481600    22060.39
  4         152    0.491200    0.491200    20919.52
  5         157    0.500800    0.500800    21016.23
  6         154    0.494400    0.494400    20490.16
  7         151    0.494400    0.494400    21526.98
  8         151    0.489600    0.489600    18928.44
  9         155    0.512000    0.512000    21737.22
----------------------
Name : sdas
        runTime     bestFit     bestCov     bestDis
  0         150    0.500800    0.500800     3784.32
  1         152    0.472000    0.472000     3072.59
  2         150    0.492800    0.492800     3492.88
  3         144    0.484800    0.484800     4175.69
  4         145    0.480000    0.480000     4223.23
  5         145    0.491200    0.491200     3838.40
  6         147    0.488000    0.488000     5775.24
  7         150    0.476800    0.476800     4500.69
  8         146    0.484800    0.484800     5569.27
  9         146    0.486400    0.486400     5007.78
